1749304963424 0.0 9
1749304964913 0.0 19
1749304966402 0.0 29
1749304967894 0.0 39
1749304969388 0.0 49
1749304970882 0.0 59
1749304972719 0.0 69
1749304974219 0.0 79
1749304975731 0.0 89
1749304977233 0.0 99
1749304978734 0.0 109
1749304980244 0.0 119
1749304981752 0.0 129
1749304983253 0.0 139
1749304984757 0.0 149
1749304986274 0.0 159
1749304987792 0.0 169
1749304989298 0.0 179
1749304992110 0.0 183
1749304994355 1.0 189
1749304995865 1.0 199
1749304997421 1.0 209
1749304998959 1.0 219
1749305000488 1.0 229
1749305002015 1.0 239
1749305003550 1.0 249
1749305005087 1.0 259
1749305006613 1.0 269
1749305008180 1.0 279
1749305009755 1.0 289
1749305011294 1.0 299
1749305012854 1.0 309
1749305014409 1.0 319
1749305015996 1.0 329
1749305017579 1.0 339
1749305019172 1.0 349
1749305020766 1.0 359
1749305024558 1.0 367
1749305026460 2.0 369
1749305028162 2.0 379
1749305029844 2.0 389
1749305031539 2.0 399
1749305033111 2.0 409
1749305034679 2.0 419
1749305036248 2.0 429
1749305037816 2.0 439
1749305039402 2.0 449
1749305040974 2.0 459
1749305042543 2.0 469
1749305044108 2.0 479
1749305045698 2.0 489
1749305047281 2.0 499
1749305048872 2.0 509
1749305050464 2.0 519
1749305052071 2.0 529
1749305053663 2.0 539
1749305055193 2.0 549
1749305057518 2.0 551
1749305060321 3.0 559
1749305061904 3.0 569
1749305063466 3.0 579
1749305065067 3.0 589
1749305066646 3.0 599
1749305068213 3.0 609
1749305069799 3.0 619
1749305071396 3.0 629
1749305072987 3.0 639
1749305074576 3.0 649
1749305076171 3.0 659
1749305077808 3.0 669
1749305079421 3.0 679
1749305081050 3.0 689
1749305082642 3.0 699
1749305084241 3.0 709
1749305085842 3.0 719
1749305087433 3.0 729
1749305090388 3.0 735
1749305092440 4.0 739
1749305094021 4.0 749
1749305095601 4.0 759
1749305097188 4.0 769
1749305098832 4.0 779
1749305100491 4.0 789
1749305102123 4.0 799
1749305103728 4.0 809
1749305105320 4.0 819
1749305106947 4.0 829
1749305108604 4.0 839
1749305110217 4.0 849
1749305111865 4.0 859
1749305113479 4.0 869
1749305115124 4.0 879
1749305116756 4.0 889
1749305118366 4.0 899
1749305120000 4.0 909
1749305121517 4.0 919
1749305123633 4.0 919
1749305126705 5.0 929
1749305128299 5.0 939
1749305129948 5.0 949
1749305131573 5.0 959
1749305133184 5.0 969
1749305134811 5.0 979
1749305136452 5.0 989
1749305138070 5.0 999
1749305139688 5.0 1009
1749305141315 5.0 1019
1749305142926 5.0 1029
1749305144551 5.0 1039
1749305146186 5.0 1049
1749305147821 5.0 1059
1749305149473 5.0 1069
1749305151106 5.0 1079
1749305152746 5.0 1089
1749305154351 5.0 1099
1749305157153 5.0 1103
1749305159596 6.0 1109
1749305161230 6.0 1119
1749305162866 6.0 1129
1749305164490 6.0 1139
1749305166121 6.0 1149
1749305167821 6.0 1159
1749305169458 6.0 1169
1749305171076 6.0 1179
1749305172718 6.0 1189
1749305174338 6.0 1199
1749305175967 6.0 1209
1749305177612 6.0 1219
1749305179258 6.0 1229
1749305180930 6.0 1239
1749305182568 6.0 1249
1749305184229 6.0 1259
1749305185958 6.0 1269
1749305187610 6.0 1279
1749305191070 6.0 1287
1749305192793 7.0 1289
1749305194431 7.0 1299
1749305196058 7.0 1309
1749305197681 7.0 1319
1749305199313 7.0 1329
1749305200946 7.0 1339
1749305202570 7.0 1349
1749305204208 7.0 1359
1749305205846 7.0 1369
1749305207485 7.0 1379
1749305209140 7.0 1389
1749305210793 7.0 1399
1749305212458 7.0 1409
1749305214113 7.0 1419
1749305215747 7.0 1429
1749305217387 7.0 1439
1749305219045 7.0 1449
1749305220712 7.0 1459
1749305222314 7.0 1469
1749305224723 7.0 1471
1749305227454 8.0 1479
1749305229100 8.0 1489
1749305230733 8.0 1499
1749305232377 8.0 1509
1749305234038 8.0 1519
1749305235711 8.0 1529
1749305237373 8.0 1539
1749305239065 8.0 1549
1749305240724 8.0 1559
1749305242377 8.0 1569
1749305244010 8.0 1579
1749305245957 8.0 1589
1749305247610 8.0 1599
1749305249264 8.0 1609
1749305250955 8.0 1619
1749305252614 8.0 1629
1749305254292 8.0 1639
1749305255944 8.0 1649
1749305259037 8.0 1655
1749305260730 9.0 1659
1749305262365 9.0 1669
1749305264003 9.0 1679
1749305265636 9.0 1689
1749305267291 9.0 1699
1749305268944 9.0 1709
1749305270591 9.0 1719
1749305272243 9.0 1729
1749305273894 9.0 1739
1749305275552 9.0 1749
1749305277221 9.0 1759
1749305278880 9.0 1769
1749305280538 9.0 1779
1749305282195 9.0 1789
1749305283854 9.0 1799
1749305285516 9.0 1809
1749305287173 9.0 1819
1749305288818 9.0 1829
1749305290354 9.0 1839
1749305292498 9.0 1839
1749305295575 10.0 1849
1749305297215 10.0 1859
1749305298860 10.0 1869
1749305300496 10.0 1879
1749305302147 10.0 1889
1749305303827 10.0 1899
1749305305475 10.0 1909
1749305307141 10.0 1919
1749305308806 10.0 1929
1749305310487 10.0 1939
1749305312148 10.0 1949
1749305313807 10.0 1959
1749305315463 10.0 1969
1749305317126 10.0 1979
1749305318796 10.0 1989
1749305320448 10.0 1999
1749305322119 10.0 2009
1749305323739 10.0 2019
1749305326477 10.0 2023
1749305328511 11.0 2029
1749305330152 11.0 2039
1749305331802 11.0 2049
1749305333460 11.0 2059
1749305335119 11.0 2069
1749305336795 11.0 2079
1749305338460 11.0 2089
1749305340117 11.0 2099
1749305341815 11.0 2109
1749305343481 11.0 2119
1749305345150 11.0 2129
1749305346875 11.0 2139
1749305348566 11.0 2149
1749305350211 11.0 2159
1749305351883 11.0 2169
1749305353546 11.0 2179
1749305355191 11.0 2189
1749305356858 11.0 2199
1749305360257 11.0 2207
1749305361601 12.0 2209
1749305363256 12.0 2219
1749305364916 12.0 2229
1749305366582 12.0 2239
1749305368255 12.0 2249
1749305369978 12.0 2259
1749305371652 12.0 2269
1749305373314 12.0 2279
1749305374991 12.0 2289
1749305376658 12.0 2299
1749305378313 12.0 2309
1749305379979 12.0 2319
1749305381647 12.0 2329
1749305383318 12.0 2339
1749305384985 12.0 2349
1749305386652 12.0 2359
1749305388320 12.0 2369
1749305389986 12.0 2379
1749305391609 12.0 2389
1749305394013 12.0 2391
1749305396469 13.0 2399
1749305398133 13.0 2409
1749305399783 13.0 2419
1749305401445 13.0 2429
1749305403101 13.0 2439
1749305404764 13.0 2449
1749305406422 13.0 2459
1749305408083 13.0 2469
1749305409753 13.0 2479
1749305411425 13.0 2489
1749305413188 13.0 2499
1749305414865 13.0 2509
1749305416534 13.0 2519
1749305418219 13.0 2529
1749305419900 13.0 2539
1749305421651 13.0 2549
1749305423277 13.0 2559
1749305424879 13.0 2569
1749305428088 13.0 2575
1749305429817 14.0 2579
1749305431549 14.0 2589
1749305433176 14.0 2599
1749305434804 14.0 2609
1749305436454 14.0 2619
1749305438112 14.0 2629
1749305439762 14.0 2639
1749305441423 14.0 2649
1749305443074 14.0 2659
1749305444725 14.0 2669
1749305446379 14.0 2679
1749305448028 14.0 2689
1749305449679 14.0 2699
1749305451324 14.0 2709
1749305452981 14.0 2719
1749305454641 14.0 2729
1749305456248 14.0 2739
1749305457858 14.0 2749
1749305459413 14.0 2759
1749305461885 14.0 2759
1749305464579 15.0 2769
1749305466220 15.0 2779
1749305467892 15.0 2789
1749305469561 15.0 2799
1749305471222 15.0 2809
1749305472862 15.0 2819
1749305474519 15.0 2829
1749305476168 15.0 2839
1749305477813 15.0 2849
1749305479473 15.0 2859
1749305481130 15.0 2869
1749305482768 15.0 2879
1749305484441 15.0 2889
1749305486142 15.0 2899
1749305487777 15.0 2909
1749305489445 15.0 2919
1749305491112 15.0 2929
1749305492747 15.0 2939
1749305495503 15.0 2943
1749305497501 16.0 2949
1749305499175 16.0 2959
1749305500831 16.0 2969
1749305502509 16.0 2979
1749305504174 16.0 2989
1749305505830 16.0 2999
1749305507494 16.0 3009
1749305509158 16.0 3019
1749305510819 16.0 3029
1749305512492 16.0 3039
1749305514152 16.0 3049
1749305515802 16.0 3059
1749305517467 16.0 3069
1749305519133 16.0 3079
1749305520804 16.0 3089
1749305522470 16.0 3099
1749305524172 16.0 3109
1749305525824 16.0 3119
1749305529183 16.0 3127
1749305530519 17.0 3129
1749305532153 17.0 3139
1749305533818 17.0 3149
1749305535468 17.0 3159
1749305537132 17.0 3169
1749305538778 17.0 3179
1749305540467 17.0 3189
1749305542121 17.0 3199
1749305543790 17.0 3209
1749305545736 17.0 3219
1749305547405 17.0 3229
1749305549081 17.0 3239
1749305550813 17.0 3249
1749305552502 17.0 3259
1749305554174 17.0 3269
1749305555835 17.0 3279
1749305557487 17.0 3289
1749305559167 17.0 3299
1749305560836 17.0 3309
1749305563193 17.0 3311
1749305565471 18.0 3319
1749305567141 18.0 3329
1749305568824 18.0 3339
1749305570484 18.0 3349
1749305572178 18.0 3359
1749305573834 18.0 3369
1749305575526 18.0 3379
1749305577197 18.0 3389
1749305578868 18.0 3399
1749305580539 18.0 3409
1749305582229 18.0 3419
1749305583921 18.0 3429
1749305585590 18.0 3439
1749305587258 18.0 3449
1749305588927 18.0 3459
1749305590608 18.0 3469
1749305592266 18.0 3479
1749305593903 18.0 3489
1749305596896 18.0 3495
1749305598994 19.0 3499
1749305600715 19.0 3509
1749305602355 19.0 3519
1749305603999 19.0 3529
1749305605633 19.0 3539
1749305607295 19.0 3549
1749305608942 19.0 3559
1749305610628 19.0 3569
1749305612279 19.0 3579
1749305613947 19.0 3589
1749305615613 19.0 3599
1749305617286 19.0 3609
1749305618947 19.0 3619
1749305620617 19.0 3629
1749305622289 19.0 3639
1749305623939 19.0 3649
1749305625608 19.0 3659
1749305627360 19.0 3669
1749305628943 19.0 3679
1749305631280 19.0 3679
1749305634411 20.0 3689
1749305636057 20.0 3699
1749305637785 20.0 3709
1749305639462 20.0 3719
1749305641139 20.0 3729
1749305642825 20.0 3739
1749305644515 20.0 3749
1749305646207 20.0 3759
1749305647890 20.0 3769
1749305649577 20.0 3779
1749305651280 20.0 3789
1749305652982 20.0 3799
1749305654672 20.0 3809
1749305656368 20.0 3819
1749305658052 20.0 3829
1749305659727 20.0 3839
1749305661422 20.0 3849
1749305663076 20.0 3859
1749305665965 20.0 3863
1749305668439 21.0 3869
1749305670109 21.0 3879
1749305671803 21.0 3889
1749305673515 21.0 3899
1749305675204 21.0 3909
1749305676887 21.0 3919
1749305678567 21.0 3929
1749305680234 21.0 3939
1749305681909 21.0 3949
1749305683617 21.0 3959
1749305685291 21.0 3969
1749305686964 21.0 3979
1749305688663 21.0 3989
1749305690346 21.0 3999
1749305692047 21.0 4009
1749305693736 21.0 4019
1749305695419 21.0 4029
1749305697116 21.0 4039
1749305700566 21.0 4047
1749305701923 22.0 4049
1749305703636 22.0 4059
1749305705309 22.0 4069
1749305707002 22.0 4079
1749305708686 22.0 4089
1749305710393 22.0 4099
1749305712080 22.0 4109
1749305713762 22.0 4119
1749305715470 22.0 4129
1749305717179 22.0 4139
1749305718881 22.0 4149
1749305720566 22.0 4159
1749305722255 22.0 4169
1749305723956 22.0 4179
1749305725650 22.0 4189
1749305727343 22.0 4199
1749305729042 22.0 4209
1749305730767 22.0 4219
1749305732399 22.0 4229
1749305734902 22.0 4231
1749305737323 23.0 4239
1749305739002 23.0 4249
1749305740683 23.0 4259
1749305742354 23.0 4269
1749305744031 23.0 4279
1749305745710 23.0 4289
1749305747395 23.0 4299
1749305749079 23.0 4309
1749305750748 23.0 4319
1749305752446 23.0 4329
1749305754148 23.0 4339
1749305755850 23.0 4349
1749305757567 23.0 4359
1749305759270 23.0 4369
1749305760974 23.0 4379
1749305762670 23.0 4389
1749305764373 23.0 4399
1749305766047 23.0 4409
1749305769146 23.0 4415
1749305770875 24.0 4419
1749305772545 24.0 4429
1749305774238 24.0 4439
1749305775937 24.0 4449
1749305777620 24.0 4459
1749305779291 24.0 4469
1749305781013 24.0 4479
1749305782706 24.0 4489
1749305784405 24.0 4499
1749305786124 24.0 4509
1749305787813 24.0 4519
1749305789508 24.0 4529
1749305791285 24.0 4539
1749305792981 24.0 4549
1749305794665 24.0 4559
1749305796364 24.0 4569
1749305798049 24.0 4579
1749305799738 24.0 4589
1749305801304 24.0 4599
1749305803545 24.0 4599
1749305806274 25.0 4609
1749305807976 25.0 4619
1749305809680 25.0 4629
1749305811395 25.0 4639
1749305813109 25.0 4649
1749305814813 25.0 4659
1749305816519 25.0 4669
1749305818244 25.0 4679
1749305819971 25.0 4689
1749305821685 25.0 4699
1749305823400 25.0 4709
1749305825404 25.0 4719
1749305827090 25.0 4729
1749305828804 25.0 4739
1749305830527 25.0 4749
1749305832212 25.0 4759
1749305833912 25.0 4769
1749305835582 25.0 4779
1749305838427 25.0 4783
1749305840540 26.0 4789
1749305842251 26.0 4799
1749305843949 26.0 4809
1749305845654 26.0 4819
1749305847343 26.0 4829
1749305849058 26.0 4839
1749305850764 26.0 4849
1749305852461 26.0 4859
1749305854194 26.0 4869
1749305855887 26.0 4879
1749305857583 26.0 4889
1749305859282 26.0 4899
1749305860974 26.0 4909
1749305862656 26.0 4919
1749305864372 26.0 4929
1749305866071 26.0 4939
1749305867760 26.0 4949
1749305869449 26.0 4959
1749305872903 26.0 4967
1749305874273 27.0 4969
1749305876011 27.0 4979
1749305877686 27.0 4989
1749305879365 27.0 4999
1749305881041 27.0 5009
1749305882736 27.0 5019
1749305884441 27.0 5029
1749305886133 27.0 5039
1749305887825 27.0 5049
1749305889543 27.0 5059
1749305891246 27.0 5069
1749305892942 27.0 5079
1749305894623 27.0 5089
1749305896338 27.0 5099
1749305898039 27.0 5109
1749305899757 27.0 5119
1749305901467 27.0 5129
1749305903150 27.0 5139
1749305904848 27.0 5149
1749305907352 27.0 5151
1749305910221 28.0 5159
1749305911905 28.0 5169
1749305913614 28.0 5179
1749305915332 28.0 5189
1749305917030 28.0 5199
1749305918700 28.0 5209
1749305920391 28.0 5219
1749305922087 28.0 5229
1749305923770 28.0 5239
1749305925458 28.0 5249
1749305927171 28.0 5259
1749305928871 28.0 5269
1749305930561 28.0 5279
1749305932261 28.0 5289
1749305933958 28.0 5299
1749305935658 28.0 5309
1749305937353 28.0 5319
1749305939091 28.0 5329
1749305942225 28.0 5335
1749305944386 29.0 5339
1749305946084 29.0 5349
1749305947754 29.0 5359
1749305949461 29.0 5369
1749305951123 29.0 5379
1749305952773 29.0 5389
1749305954408 29.0 5399
1749305956157 29.0 5409
1749305957833 29.0 5419
1749305959522 29.0 5429
1749305961228 29.0 5439
1749305962888 29.0 5449
1749305964559 29.0 5459
1749305966245 29.0 5469
1749305967935 29.0 5479
1749305969612 29.0 5489
1749305971296 29.0 5499
1749305972980 29.0 5509
1749305974549 29.0 5519
1749305976665 29.0 5519
1749305979628 30.0 5529
1749305981336 30.0 5539
1749305983082 30.0 5549
1749305984790 30.0 5559
1749305986488 30.0 5569
1749305988181 30.0 5579
1749305989879 30.0 5589
1749305991564 30.0 5599
1749305993277 30.0 5609
1749305994969 30.0 5619
1749305996667 30.0 5629
1749305998369 30.0 5639
1749306000062 30.0 5649
1749306001755 30.0 5659
1749306003440 30.0 5669
1749306005169 30.0 5679
1749306006871 30.0 5689
1749306008575 30.0 5699
1749306011430 30.0 5703
1749306013495 31.0 5709
1749306015235 31.0 5719
1749306016968 31.0 5729
1749306018703 31.0 5739
1749306020470 31.0 5749
1749306022171 31.0 5759
1749306023872 31.0 5769
1749306025573 31.0 5779
1749306027294 31.0 5789
1749306028995 31.0 5799
1749306030728 31.0 5809
1749306032482 31.0 5819
1749306034225 31.0 5829
1749306035980 31.0 5839
1749306037690 31.0 5849
1749306039400 31.0 5859
1749306041128 31.0 5869
1749306042852 31.0 5879
1749306046365 31.0 5887
1749306047794 32.0 5889
1749306049545 32.0 5899
1749306051250 32.0 5909
1749306052957 32.0 5919
1749306054687 32.0 5929
1749306056416 32.0 5939
1749306058127 32.0 5949
1749306059890 32.0 5959
1749306061619 32.0 5969
1749306063345 32.0 5979
1749306065072 32.0 5989
1749306066789 32.0 5999
1749306068528 32.0 6009
1749306070232 32.0 6019
1749306071967 32.0 6029
1749306073702 32.0 6039
1749306075432 32.0 6049
1749306077185 32.0 6059
1749306078815 32.0 6069
1749306081341 32.0 6071
1749306083793 33.0 6079
1749306085493 33.0 6089
1749306087193 33.0 6099
1749306088890 33.0 6109
1749306090650 33.0 6119
1749306092361 33.0 6129
1749306094067 33.0 6139
1749306095771 33.0 6149
1749306097487 33.0 6159
1749306099200 33.0 6169
1749306100901 33.0 6179
1749306102627 33.0 6189
1749306104331 33.0 6199
1749306106054 33.0 6209
1749306107776 33.0 6219
1749306109478 33.0 6229
1749306111199 33.0 6239
1749306112899 33.0 6249
1749306116358 33.0 6255
1749306118136 34.0 6259
1749306119892 34.0 6269
1749306121602 34.0 6279
1749306123280 34.0 6289
1749306124968 34.0 6299
1749306126664 34.0 6309
1749306128379 34.0 6319
1749306130096 34.0 6329
1749306131796 34.0 6339
1749306133522 34.0 6349
1749306135231 34.0 6359
1749306136959 34.0 6369
1749306138675 34.0 6379
1749306140367 34.0 6389
1749306142070 34.0 6399
1749306143800 34.0 6409
1749306145512 34.0 6419
1749306147257 34.0 6429
1749306148839 34.0 6439
1749306151128 34.0 6439
1749306153833 35.0 6449
1749306155563 35.0 6459
1749306157260 35.0 6469
1749306158969 35.0 6479
1749306160672 35.0 6489
1749306162370 35.0 6499
1749306164059 35.0 6509
1749306165759 35.0 6519
1749306167458 35.0 6529
1749306169148 35.0 6539
1749306170855 35.0 6549
1749306172566 35.0 6559
1749306174268 35.0 6569
1749306175989 35.0 6579
1749306177685 35.0 6589
1749306179395 35.0 6599
1749306181121 35.0 6609
1749306182826 35.0 6619
1749306185680 35.0 6623
1749306187746 36.0 6629
1749306189441 36.0 6639
1749306191143 36.0 6649
1749306192834 36.0 6659
1749306194543 36.0 6669
1749306196256 36.0 6679
1749306197967 36.0 6689
1749306199683 36.0 6699
1749306201396 36.0 6709
1749306203142 36.0 6719
1749306204877 36.0 6729
1749306206571 36.0 6739
1749306208306 36.0 6749
1749306209996 36.0 6759
1749306211710 36.0 6769
1749306213411 36.0 6779
1749306215113 36.0 6789
1749306216816 36.0 6799
1749306220289 36.0 6807
1749306221701 37.0 6809
1749306223409 37.0 6819
1749306225176 37.0 6829
1749306226909 37.0 6839
1749306228637 37.0 6849
1749306230334 37.0 6859
1749306232048 37.0 6869
1749306233751 37.0 6879
1749306235459 37.0 6889
1749306237177 37.0 6899
1749306238891 37.0 6909
1749306240620 37.0 6919
1749306242322 37.0 6929
1749306244041 37.0 6939
1749306245759 37.0 6949
1749306247502 37.0 6959
1749306249227 37.0 6969
1749306250941 37.0 6979
1749306252619 37.0 6989
1749306255123 37.0 6991
1749306257499 38.0 6999
1749306259199 38.0 7009
1749306260895 38.0 7019
1749306262585 38.0 7029
1749306264291 38.0 7039
1749306266039 38.0 7049
1749306267740 38.0 7059
1749306269442 38.0 7069
1749306271156 38.0 7079
1749306272881 38.0 7089
1749306274611 38.0 7099
1749306276328 38.0 7109
1749306278052 38.0 7119
1749306279783 38.0 7129
1749306281494 38.0 7139
1749306283219 38.0 7149
1749306284928 38.0 7159
1749306286643 38.0 7169
1749306289855 38.0 7175
1749306292075 39.0 7179
1749306293746 39.0 7189
1749306295446 39.0 7199
1749306297142 39.0 7209
1749306298848 39.0 7219
1749306300568 39.0 7229
1749306302269 39.0 7239
1749306303971 39.0 7249
1749306305688 39.0 7259
1749306307400 39.0 7269
1749306309106 39.0 7279
1749306310810 39.0 7289
1749306312515 39.0 7299
1749306314254 39.0 7309
1749306315970 39.0 7319
1749306317681 39.0 7329
1749306319407 39.0 7339
1749306321148 39.0 7349
1749306322708 39.0 7359
1749306325004 39.0 7359
1749306327729 40.0 7369
1749306329436 40.0 7379
1749306331144 40.0 7389
1749306332830 40.0 7399
1749306334526 40.0 7409
1749306336215 40.0 7419
1749306337917 40.0 7429
1749306339618 40.0 7439
1749306341317 40.0 7449
1749306343007 40.0 7459
1749306344747 40.0 7469
1749306346449 40.0 7479
1749306348156 40.0 7489
1749306349885 40.0 7499
1749306351606 40.0 7509
1749306353314 40.0 7519
1749306355032 40.0 7529
1749306356716 40.0 7539
1749306359554 40.0 7543
1749306362059 41.0 7549
1749306363755 41.0 7559
1749306365452 41.0 7569
1749306367151 41.0 7579
1749306368854 41.0 7589
1749306370576 41.0 7599
1749306372282 41.0 7609
1749306373997 41.0 7619
1749306375688 41.0 7629
1749306377398 41.0 7639
1749306379105 41.0 7649
1749306380801 41.0 7659
1749306382504 41.0 7669
1749306384207 41.0 7679
1749306385928 41.0 7689
1749306387657 41.0 7699
1749306389372 41.0 7709
1749306391096 41.0 7719
1749306394578 41.0 7727
1749306396348 42.0 7729
1749306398079 42.0 7739
1749306399785 42.0 7749
1749306401484 42.0 7759
1749306403201 42.0 7769
1749306404903 42.0 7779
1749306406610 42.0 7789
1749306408624 42.0 7799
1749306410340 42.0 7809
1749306412061 42.0 7819
1749306413763 42.0 7829
1749306415478 42.0 7839
1749306417196 42.0 7849
1749306418930 42.0 7859
1749306420649 42.0 7869
1749306422371 42.0 7879
1749306424099 42.0 7889
1749306425790 42.0 7899
1749306427462 42.0 7909
1749306429960 42.0 7911
1749306432404 43.0 7919
1749306434142 43.0 7929
1749306435849 43.0 7939
1749306437564 43.0 7949
1749306439267 43.0 7959
1749306440984 43.0 7969
1749306442695 43.0 7979
1749306444422 43.0 7989
1749306446141 43.0 7999
1749306447859 43.0 8009
1749306449567 43.0 8019
1749306451293 43.0 8029
1749306453014 43.0 8039
1749306454720 43.0 8049
1749306456424 43.0 8059
1749306458113 43.0 8069
1749306459814 43.0 8079
1749306461485 43.0 8089
1749306464639 43.0 8095
1749306466366 44.0 8099
1749306468070 44.0 8109
1749306469796 44.0 8119
1749306471488 44.0 8129
1749306473189 44.0 8139
1749306474904 44.0 8149
1749306476618 44.0 8159
1749306478328 44.0 8169
1749306480068 44.0 8179
1749306481759 44.0 8189
1749306483515 44.0 8199
1749306485220 44.0 8209
1749306486916 44.0 8219
1749306488621 44.0 8229
1749306490337 44.0 8239
1749306492039 44.0 8249
1749306493761 44.0 8259
1749306495474 44.0 8269
1749306497062 44.0 8279
1749306499277 44.0 8279
1749306501997 45.0 8289
1749306503715 45.0 8299
1749306505417 45.0 8309
1749306507143 45.0 8319
1749306508856 45.0 8329
1749306510555 45.0 8339
1749306512278 45.0 8349
1749306513989 45.0 8359
1749306515706 45.0 8369
1749306517412 45.0 8379
1749306519116 45.0 8389
1749306520809 45.0 8399
1749306522561 45.0 8409
1749306524264 45.0 8419
1749306525968 45.0 8429
1749306527684 45.0 8439
1749306529378 45.0 8449
1749306531094 45.0 8459
1749306533916 45.0 8463
1749306536054 46.0 8469
1749306537745 46.0 8479
1749306539445 46.0 8489
1749306541131 46.0 8499
1749306542834 46.0 8509
1749306544534 46.0 8519
1749306546233 46.0 8529
1749306547923 46.0 8539
1749306549633 46.0 8549
1749306551339 46.0 8559
1749306553043 46.0 8569
1749306554748 46.0 8579
1749306556461 46.0 8589
1749306558189 46.0 8599
1749306559885 46.0 8609
1749306561580 46.0 8619
1749306563278 46.0 8629
1749306564991 46.0 8639
1749306568592 46.0 8647
1749306569971 47.0 8649
1749306571693 47.0 8659
1749306573394 47.0 8669
1749306575109 47.0 8679
1749306576809 47.0 8689
1749306578529 47.0 8699
1749306580213 47.0 8709
1749306581926 47.0 8719
1749306583637 47.0 8729
1749306585349 47.0 8739
1749306587081 47.0 8749
1749306588823 47.0 8759
1749306590518 47.0 8769
1749306592237 47.0 8779
1749306593952 47.0 8789
1749306595645 47.0 8799
1749306597358 47.0 8809
1749306599050 47.0 8819
1749306600728 47.0 8829
1749306603218 47.0 8831
1749306605630 48.0 8839
1749306607344 48.0 8849
1749306609041 48.0 8859
1749306610753 48.0 8869
1749306612477 48.0 8879
1749306614186 48.0 8889
1749306615890 48.0 8899
1749306617590 48.0 8909
1749306619289 48.0 8919
1749306621027 48.0 8929
1749306622747 48.0 8939
1749306624452 48.0 8949
1749306626168 48.0 8959
1749306627878 48.0 8969
1749306629594 48.0 8979
1749306631307 48.0 8989
1749306633076 48.0 8999
1749306634783 48.0 9009
1749306637937 48.0 9015
1749306639694 49.0 9019
1749306641378 49.0 9029
1749306643080 49.0 9039
1749306644780 49.0 9049
1749306646480 49.0 9059
1749306648179 49.0 9069
1749306649874 49.0 9079
1749306651562 49.0 9089
1749306653253 49.0 9099
1749306654956 49.0 9109
1749306656664 49.0 9119
1749306658372 49.0 9129
1749306660114 49.0 9139
1749306661826 49.0 9149
1749306663517 49.0 9159
1749306665231 49.0 9169
1749306666937 49.0 9179
1749306668651 49.0 9189
1749306670214 49.0 9199
1749306672483 49.0 9199
1749306686093 50.0 9200
