1749304963424 1.6018518209457397 9
1749304964913 1.7262938022613525 19
1749304966402 1.9302456378936768 29
1749304967894 2.217254877090454 39
1749304969388 2.580535888671875 49
1749304970882 3.694113254547119 59
1749304972719 1.3386030197143555 69
1749304974219 1.5238529443740845 79
1749304975731 0.7325041890144348 89
1749304977233 1.4308922290802002 99
1749304978734 0.6771840453147888 109
1749304980244 0.958730936050415 119
1749304981752 1.8975889682769775 129
1749304983253 1.1259576082229614 139
1749304984757 0.5918418765068054 149
1749304986274 1.4172930717468262 159
1749304987792 0.756391167640686 169
1749304989298 0.8008515238761902 179
1749304994355 0.7870929837226868 189
1749304995865 0.3369795083999634 199
1749304997421 0.4795565605163574 209
1749304998959 0.4054292142391205 219
1749305000488 0.5098040103912354 229
1749305002015 0.4195561707019806 239
1749305003550 0.28892913460731506 249
1749305005087 0.5611286163330078 259
1749305006613 0.4551015794277191 269
1749305008180 0.32023751735687256 279
1749305009755 0.33871424198150635 289
1749305011294 0.2657521963119507 299
1749305012854 0.34014421701431274 309
1749305014409 1.4860308170318604 319
1749305015996 0.4004156291484833 329
1749305017579 0.261642187833786 339
1749305019172 0.9019371271133423 349
1749305020766 0.43478599190711975 359
1749305026460 0.40674304962158203 369
1749305028162 0.6784573793411255 379
1749305029844 0.23846261203289032 389
1749305031539 0.7168459892272949 399
1749305033111 0.2989746928215027 409
1749305034679 0.23762992024421692 419
1749305036248 0.2782517671585083 429
1749305037816 0.27668896317481995 439
1749305039402 0.14023402333259583 449
1749305040974 0.6163114309310913 459
1749305042543 0.3839459717273712 469
1749305044108 0.3626231849193573 479
1749305045698 0.1557672619819641 489
1749305047281 0.18122181296348572 499
1749305048872 0.11187838762998581 509
1749305050464 0.22974824905395508 519
1749305052071 0.3449411988258362 529
1749305053663 1.1963059902191162 539
1749305055193 0.9339793920516968 549
1749305060321 0.5896258354187012 559
1749305061904 0.12797603011131287 569
1749305063466 0.25164562463760376 579
1749305065067 1.669761300086975 589
1749305066646 0.8226715326309204 599
1749305068213 0.2710060775279999 609
1749305069799 0.21549662947654724 619
1749305071396 0.1571832299232483 629
1749305072987 0.11156834661960602 639
1749305074576 0.10485579818487167 649
1749305076171 0.29588818550109863 659
1749305077808 0.21772347390651703 669
1749305079421 0.15124216675758362 679
1749305081050 0.14347559213638306 689
1749305082642 0.1139015182852745 699
1749305084241 0.12200932204723358 709
1749305085842 0.4483901262283325 719
1749305087433 0.09095928072929382 729
1749305092440 0.1541445553302765 739
1749305094021 0.2805026173591614 749
1749305095601 0.10602560639381409 759
1749305097188 0.36011481285095215 769
1749305098832 0.2982664108276367 779
1749305100491 0.3485451936721802 789
1749305102123 0.2063063085079193 799
1749305103728 0.9445812106132507 809
1749305105320 0.17016544938087463 819
1749305106947 0.3413633704185486 829
1749305108604 0.17219847440719604 839
1749305110217 0.529049277305603 849
1749305111865 0.2032374143600464 859
1749305113479 0.3526929020881653 869
1749305115124 0.12659487128257751 879
1749305116756 0.652910053730011 889
1749305118366 0.09752652794122696 899
1749305120000 0.12877163290977478 909
1749305121517 0.8405376672744751 919
1749305126705 0.14614349603652954 929
1749305128299 0.18036514520645142 939
1749305129948 0.1991146057844162 949
1749305131573 0.49734216928482056 959
1749305133184 0.13620583713054657 969
1749305134811 0.1333605945110321 979
1749305136452 0.09233424067497253 989
1749305138070 0.09754868596792221 999
1749305139688 0.16629011929035187 1009
1749305141315 1.0774390697479248 1019
1749305142926 0.3166562020778656 1029
1749305144551 0.47666895389556885 1039
1749305146186 0.5469861030578613 1049
1749305147821 0.282154381275177 1059
1749305149473 0.1975044310092926 1069
1749305151106 0.277567595243454 1079
1749305152746 0.06793735921382904 1089
1749305154351 0.28689056634902954 1099
1749305159596 0.26661741733551025 1109
1749305161230 0.1060149148106575 1119
1749305162866 0.22274897992610931 1129
1749305164490 0.05686065927147865 1139
1749305166121 0.36120447516441345 1149
1749305167821 0.4145828187465668 1159
1749305169458 0.04168194532394409 1169
1749305171076 0.33014166355133057 1179
1749305172718 0.10443002730607986 1189
1749305174338 0.6691697835922241 1199
1749305175967 0.22691422700881958 1209
1749305177612 0.28927576541900635 1219
1749305179258 0.060815729200839996 1229
1749305180930 0.07942255586385727 1239
1749305182568 0.045072756707668304 1249
1749305184229 0.12018885463476181 1259
1749305185958 0.7009771466255188 1269
1749305187610 0.11409890651702881 1279
1749305192793 0.09464876353740692 1289
1749305194431 0.267123281955719 1299
1749305196058 0.28266870975494385 1309
1749305197681 0.0720076709985733 1319
1749305199313 0.14658385515213013 1329
1749305200946 0.06289488077163696 1339
1749305202570 0.11368570476770401 1349
1749305204208 0.09182313829660416 1359
1749305205846 0.0634307861328125 1369
1749305207485 0.10197381675243378 1379
1749305209140 0.14360567927360535 1389
1749305210793 0.11184446513652802 1399
1749305212458 0.05043349415063858 1409
1749305214113 0.04194527491927147 1419
1749305215747 0.2169979065656662 1429
1749305217387 0.35932254791259766 1439
1749305219045 0.1037125363945961 1449
1749305220712 0.5925008058547974 1459
1749305222314 0.066621333360672 1469
1749305227454 0.06609002500772476 1479
1749305229100 0.10793754458427429 1489
1749305230733 0.05758029967546463 1499
1749305232377 0.0636085495352745 1509
1749305234038 0.06382428854703903 1519
1749305235711 0.04897268861532211 1529
1749305237373 0.057918570935726166 1539
1749305239065 0.07030995190143585 1549
1749305240724 0.05934668704867363 1559
1749305242377 0.06784137338399887 1569
1749305244010 0.045872632414102554 1579
1749305245957 0.027086935937404633 1589
1749305247610 0.06601131707429886 1599
1749305249264 0.282234251499176 1609
1749305250955 0.09982505440711975 1619
1749305252614 0.05541372299194336 1629
1749305254292 0.10534433275461197 1639
1749305255944 0.10298002511262894 1649
1749305260730 0.5915000438690186 1659
1749305262365 0.0617145337164402 1669
1749305264003 0.07215672731399536 1679
1749305265636 0.158946692943573 1689
1749305267291 0.04101959243416786 1699
1749305268944 0.06363525241613388 1709
1749305270591 0.0732848197221756 1719
1749305272243 0.06291937828063965 1729
1749305273894 0.15665149688720703 1739
1749305275552 0.05655132979154587 1749
1749305277221 0.040085483342409134 1759
1749305278880 0.11773936450481415 1769
1749305280538 0.11902523785829544 1779
1749305282195 0.06192021071910858 1789
1749305283854 0.036545008420944214 1799
1749305285516 0.03895902633666992 1809
1749305287173 0.11641313135623932 1819
1749305288818 0.17359553277492523 1829
1749305290354 0.07108333706855774 1839
1749305295575 0.026934441179037094 1849
1749305297215 0.03938981145620346 1859
1749305298860 0.04238570109009743 1869
1749305300496 0.032174721360206604 1879
1749305302147 0.039961736649274826 1889
1749305303827 0.024098068475723267 1899
1749305305475 0.06948598474264145 1909
1749305307141 0.1395983099937439 1919
1749305308806 0.10520065575838089 1929
1749305310487 0.6435860991477966 1939
1749305312148 0.07246322929859161 1949
1749305313807 0.7980000972747803 1959
1749305315463 0.10701368749141693 1969
1749305317126 0.05737932026386261 1979
1749305318796 0.08157849311828613 1989
1749305320448 0.09394937753677368 1999
1749305322119 0.7362638711929321 2009
1749305323739 0.12448182702064514 2019
1749305328511 0.11403453350067139 2029
1749305330152 0.11604180932044983 2039
1749305331802 0.24599801003932953 2049
1749305333460 0.42582058906555176 2059
1749305335119 0.47208213806152344 2069
1749305336795 0.08797450363636017 2079
1749305338460 0.35617774724960327 2089
1749305340117 0.5494133234024048 2099
1749305341815 0.640234112739563 2109
1749305343481 0.49220025539398193 2119
1749305345150 0.5319859981536865 2129
1749305346875 0.08012145012617111 2139
1749305348566 0.20813417434692383 2149
1749305350211 0.11810443550348282 2159
1749305351883 0.20741575956344604 2169
1749305353546 0.3820284605026245 2179
1749305355191 0.5534527897834778 2189
1749305356858 0.35568809509277344 2199
1749305361601 0.12138078361749649 2209
1749305363256 0.08688157051801682 2219
1749305364916 0.08221056312322617 2229
1749305366582 0.08711892366409302 2239
1749305368255 0.11857832968235016 2249
1749305369978 0.3891823887825012 2259
1749305371652 0.11786574125289917 2269
1749305373314 0.38890522718429565 2279
1749305374991 0.5597870945930481 2289
1749305376658 0.21614372730255127 2299
1749305378313 0.08700410276651382 2309
1749305379979 0.5580968856811523 2319
1749305381647 0.5225910544395447 2329
1749305383318 0.06275001913309097 2339
1749305384985 0.050330691039562225 2349
1749305386652 0.06341449916362762 2359
1749305388320 0.1429591327905655 2369
1749305389986 0.07394394278526306 2379
1749305391609 0.07523377984762192 2389
1749305396469 0.06217425316572189 2399
1749305398133 0.039186809211969376 2409
1749305399783 0.05357760936021805 2419
1749305401445 0.15708541870117188 2429
1749305403101 0.12134607136249542 2439
1749305404764 0.033573053777217865 2449
1749305406422 0.040244635194540024 2459
1749305408083 0.07436829060316086 2469
1749305409753 0.03143507242202759 2479
1749305411425 0.028320632874965668 2489
1749305413188 0.05729212611913681 2499
1749305414865 0.04430573433637619 2509
1749305416534 0.03168449550867081 2519
1749305418219 0.01895071193575859 2529
1749305419900 0.10936430096626282 2539
1749305421651 0.10317108035087585 2549
1749305423277 0.040758080780506134 2559
1749305424879 0.02049928903579712 2569
1749305429817 0.1289878487586975 2579
1749305431549 0.04805409535765648 2589
1749305433176 0.07620005309581757 2599
1749305434804 0.045669227838516235 2609
1749305436454 0.0597735159099102 2619
1749305438112 0.08784524351358414 2629
1749305439762 0.029298795387148857 2639
1749305441423 0.031267572194337845 2649
1749305443074 0.08176782727241516 2659
1749305444725 0.021659288555383682 2669
1749305446379 0.10437840968370438 2679
1749305448028 0.021640077233314514 2689
1749305449679 0.034751445055007935 2699
1749305451324 0.0651579201221466 2709
1749305452981 0.026251893490552902 2719
1749305454641 0.023124419152736664 2729
1749305456248 0.15345700085163116 2739
1749305457858 0.20078952610492706 2749
1749305459413 0.08163145184516907 2759
1749305464579 0.04018240422010422 2769
1749305466220 0.0317462794482708 2779
1749305467892 0.02686852589249611 2789
1749305469561 0.02895665541291237 2799
1749305471222 0.02476716972887516 2809
1749305472862 0.28423064947128296 2819
1749305474519 0.02896607294678688 2829
1749305476168 0.32326725125312805 2839
1749305477813 0.016074512153863907 2849
1749305479473 0.162216916680336 2859
1749305481130 0.061325207352638245 2869
1749305482768 0.02367127314209938 2879
1749305484441 0.0695490837097168 2889
1749305486142 0.02509310469031334 2899
1749305487777 0.11233561486005783 2909
1749305489445 0.027538146823644638 2919
1749305491112 0.2481699138879776 2929
1749305492747 0.11850754171609879 2939
1749305497501 0.05393710359930992 2949
1749305499175 0.04654606059193611 2959
1749305500831 0.14205633103847504 2969
1749305502509 0.9625976085662842 2979
1749305504174 0.32267069816589355 2989
1749305505830 1.9133548736572266 2999
1749305507494 0.033915698528289795 3009
1749305509158 0.04315895587205887 3019
1749305510819 0.07057388126850128 3029
1749305512492 0.9229832887649536 3039
1749305514152 0.4559973180294037 3049
1749305515802 0.035167280584573746 3059
1749305517467 0.041206616908311844 3069
1749305519133 0.02501595765352249 3079
1749305520804 0.06166429445147514 3089
1749305522470 0.07483252137899399 3099
1749305524172 0.025591053068637848 3109
1749305525824 0.39169493317604065 3119
1749305530519 0.043224744498729706 3129
1749305532153 0.0618547759950161 3139
1749305533818 0.06026232987642288 3149
1749305535468 0.09175396710634232 3159
1749305537132 0.05406898260116577 3169
1749305538778 0.032371751964092255 3179
1749305540467 0.026551298797130585 3189
1749305542121 0.063069649040699 3199
1749305543790 0.0640137791633606 3209
1749305545736 0.057075854390859604 3219
1749305547405 0.11888409405946732 3229
1749305549081 0.036612335592508316 3239
1749305550813 0.054001569747924805 3249
1749305552502 0.020195700228214264 3259
1749305554174 0.3985462188720703 3269
1749305555835 0.025484152138233185 3279
1749305557487 0.03507590293884277 3289
1749305559167 0.21094964444637299 3299
1749305560836 0.020778164267539978 3309
1749305565471 0.029544133692979813 3319
1749305567141 0.06489421427249908 3329
1749305568824 0.23844975233078003 3339
1749305570484 0.03253207355737686 3349
1749305572178 0.04184166342020035 3359
1749305573834 0.031436506658792496 3369
1749305575526 0.06285718083381653 3379
1749305577197 0.024555034935474396 3389
1749305578868 0.07384684681892395 3399
1749305580539 0.039109986275434494 3409
1749305582229 0.023335717618465424 3419
1749305583921 0.021849099546670914 3429
1749305585590 0.24407389760017395 3439
1749305587258 0.26609283685684204 3449
1749305588927 0.02463426999747753 3459
1749305590608 0.01562381163239479 3469
1749305592266 0.014004677534103394 3479
1749305593903 0.02525942772626877 3489
1749305598994 0.02318667806684971 3499
1749305600715 0.011304423213005066 3509
1749305602355 0.01676662266254425 3519
1749305603999 0.012390229851007462 3529
1749305605633 0.016490181908011436 3539
1749305607295 0.01163000613451004 3549
1749305608942 0.010916128754615784 3559
1749305610628 0.014495007693767548 3569
1749305612279 0.010053634643554688 3579
1749305613947 0.01538921520113945 3589
1749305615613 0.25092747807502747 3599
1749305617286 0.01455998420715332 3609
1749305618947 0.025153163820505142 3619
1749305620617 0.030995022505521774 3629
1749305622289 0.025713173672556877 3639
1749305623939 0.03011760488152504 3649
1749305625608 0.019069183617830276 3659
1749305627360 0.013017771765589714 3669
1749305628943 0.06312908232212067 3679
1749305634411 0.2189350426197052 3689
1749305636057 0.009337591007351875 3699
1749305637785 0.017501290887594223 3709
1749305639462 0.012777596712112427 3719
1749305641139 0.015852827578783035 3729
1749305642825 0.013274457305669785 3739
1749305644515 0.00932522863149643 3749
1749305646207 0.011428926140069962 3759
1749305647890 0.020594056695699692 3769
1749305649577 0.016862135380506516 3779
1749305651280 0.03173869475722313 3789
1749305652982 0.014944709837436676 3799
1749305654672 0.012914951890707016 3809
1749305656368 0.012965001165866852 3819
1749305658052 0.05390169098973274 3829
1749305659727 0.01145889237523079 3839
1749305661422 0.04219343513250351 3849
1749305663076 0.0111159048974514 3859
1749305668439 0.012068234384059906 3869
1749305670109 0.012239623814821243 3879
1749305671803 0.011783018708229065 3889
1749305673515 0.09966975450515747 3899
1749305675204 0.011876039206981659 3909
1749305676887 0.011895820498466492 3919
1749305678567 0.030930783599615097 3929
1749305680234 0.01350286602973938 3939
1749305681909 0.24010848999023438 3949
1749305683617 0.028574978932738304 3959
1749305685291 0.07830417901277542 3969
1749305686964 0.03263537585735321 3979
1749305688663 0.6676850914955139 3989
1749305690346 0.27274197340011597 3999
1749305692047 0.0825294554233551 4009
1749305693736 0.5237044095993042 4019
1749305695419 0.15669530630111694 4029
1749305697116 0.08294667303562164 4039
1749305701923 0.17527933418750763 4049
1749305703636 0.053625479340553284 4059
1749305705309 0.8527703881263733 4069
1749305707002 1.004837155342102 4079
1749305708686 0.8020477294921875 4089
1749305710393 0.4305417835712433 4099
1749305712080 0.5345382690429688 4109
1749305713762 0.2605530619621277 4119
1749305715470 0.7307201623916626 4129
1749305717179 0.13031253218650818 4139
1749305718881 0.7586009502410889 4149
1749305720566 0.04278267174959183 4159
1749305722255 0.12695246934890747 4169
1749305723956 0.07053283601999283 4179
1749305725650 1.4943702220916748 4189
1749305727343 0.22148573398590088 4199
1749305729042 0.3983313739299774 4209
1749305730767 0.7573375105857849 4219
1749305732399 0.08468705415725708 4229
1749305737323 0.04575296863913536 4239
1749305739002 0.04057077690958977 4249
1749305740683 0.5456801652908325 4259
1749305742354 0.07746170461177826 4269
1749305744031 0.02435760200023651 4279
1749305745710 0.4067712128162384 4289
1749305747395 0.033735983073711395 4299
1749305749079 0.20393535494804382 4309
1749305750748 0.03512033075094223 4319
1749305752446 0.024560149759054184 4329
1749305754148 0.04426390677690506 4339
1749305755850 0.02792147919535637 4349
1749305757567 0.021979104727506638 4359
1749305759270 0.015916794538497925 4369
1749305760974 0.08666200190782547 4379
1749305762670 0.021313313394784927 4389
1749305764373 0.03848119080066681 4399
1749305766047 0.2775336802005768 4409
1749305770875 0.05526955798268318 4419
1749305772545 0.14750608801841736 4429
1749305774238 0.07739371806383133 4439
1749305775937 0.012004714459180832 4449
1749305777620 0.026929758489131927 4459
1749305779291 0.022903354838490486 4469
1749305781013 0.030886832624673843 4479
1749305782706 0.03427640721201897 4489
1749305784405 0.05585804581642151 4499
1749305786124 0.02145928144454956 4509
1749305787813 0.10851506143808365 4519
1749305789508 0.031588535755872726 4529
1749305791285 0.10420481860637665 4539
1749305792981 0.013759668916463852 4549
1749305794665 0.1746930181980133 4559
1749305796364 0.16292601823806763 4569
1749305798049 0.1054934412240982 4579
1749305799738 0.18139050900936127 4589
1749305801304 0.010563448071479797 4599
1749305806274 0.09653265029191971 4609
1749305807976 0.034607186913490295 4619
1749305809680 0.049874816089868546 4629
1749305811395 0.041336044669151306 4639
1749305813109 0.05923956632614136 4649
1749305814813 0.145615354180336 4659
1749305816519 0.04296635836362839 4669
1749305818244 0.020218702033162117 4679
1749305819971 0.01497424766421318 4689
1749305821685 0.014590267091989517 4699
1749305823400 0.041304200887680054 4709
1749305825404 0.032137397676706314 4719
1749305827090 0.1251446157693863 4729
1749305828804 0.013196222484111786 4739
1749305830527 0.019973214715719223 4749
1749305832212 0.03430929034948349 4759
1749305833912 0.01812130957841873 4769
1749305835582 0.010069839656352997 4779
1749305840540 0.030110761523246765 4789
1749305842251 0.04086832329630852 4799
1749305843949 0.011140711605548859 4809
1749305845654 0.028844013810157776 4819
1749305847343 0.01357927918434143 4829
1749305849058 0.01872742921113968 4839
1749305850764 0.035932209342718124 4849
1749305852461 0.008411888033151627 4859
1749305854194 0.013071887195110321 4869
1749305855887 0.04613713175058365 4879
1749305857583 0.022064225748181343 4889
1749305859282 0.015976205468177795 4899
1749305860974 0.011729255318641663 4909
1749305862656 0.025524096563458443 4919
1749305864372 0.02556116133928299 4929
1749305866071 0.011463697999715805 4939
1749305867760 0.03319215029478073 4949
1749305869449 0.018963010981678963 4959
1749305874273 0.01897372305393219 4969
1749305876011 0.020297672599554062 4979
1749305877686 0.02098431997001171 4989
1749305879365 0.03255635127425194 4999
1749305881041 0.008381973952054977 5009
1749305882736 0.007126297801733017 5019
1749305884441 0.008923236280679703 5029
1749305886133 0.07096579670906067 5039
1749305887825 0.009620729833841324 5049
1749305889543 0.008688971400260925 5059
1749305891246 0.006711889058351517 5069
1749305892942 0.007091689854860306 5079
1749305894623 0.008676040917634964 5089
1749305896338 0.006178949028253555 5099
1749305898039 0.023086929693818092 5109
1749305899757 0.012435346841812134 5119
1749305901467 0.009584248065948486 5129
1749305903150 0.029576856642961502 5139
1749305904848 0.015212614089250565 5149
1749305910221 0.007574655115604401 5159
1749305911905 0.00649937242269516 5169
1749305913614 0.012478943914175034 5179
1749305915332 0.006066281348466873 5189
1749305917030 0.028160247951745987 5199
1749305918700 0.005913946777582169 5209
1749305920391 0.005239684134721756 5219
1749305922087 0.005590412765741348 5229
1749305923770 0.29530489444732666 5239
1749305925458 0.007055711001157761 5249
1749305927171 0.03403935208916664 5259
1749305928871 0.005325421690940857 5269
1749305930561 0.007727224379777908 5279
1749305932261 0.004902038723230362 5289
1749305933958 0.009841974824666977 5299
1749305935658 0.00896289199590683 5309
1749305937353 0.0074358172714710236 5319
1749305939091 0.007797326892614365 5329
1749305944386 0.004519052803516388 5339
1749305946084 0.0044733621180057526 5349
1749305947754 0.014368241652846336 5359
1749305949461 0.011019010096788406 5369
1749305951123 0.0073057301342487335 5379
1749305952773 0.034324340522289276 5389
1749305954408 0.014448348432779312 5399
1749305956157 0.015359628945589066 5409
1749305957833 0.01648111641407013 5419
1749305959522 0.40088221430778503 5429
1749305961228 0.15362145006656647 5439
1749305962888 0.41372692584991455 5449
1749305964559 0.2724519371986389 5459
1749305966245 0.22135530412197113 5469
1749305967935 2.8948535919189453 5479
1749305969612 0.45001891255378723 5489
1749305971296 0.3869330585002899 5499
1749305972980 0.2766358554363251 5509
1749305974549 0.24256928265094757 5519
1749305979628 0.06342503428459167 5529
1749305981336 0.5707752704620361 5539
1749305983082 0.06971177458763123 5549
1749305984790 0.576310396194458 5559
1749305986488 0.1035720556974411 5569
1749305988181 0.048589568585157394 5579
1749305989879 0.2150084376335144 5589
1749305991564 0.5937948226928711 5599
1749305993277 0.10134841501712799 5609
1749305994969 0.24869942665100098 5619
1749305996667 0.14015033841133118 5629
1749305998369 0.12499497830867767 5639
1749306000062 0.025762584060430527 5649
1749306001755 0.24375863373279572 5659
1749306003440 0.30761992931365967 5669
1749306005169 0.14601586759090424 5679
1749306006871 0.30386435985565186 5689
1749306008575 0.027032598853111267 5699
1749306013495 0.09745834022760391 5709
1749306015235 0.038778532296419144 5719
1749306016968 0.04251714050769806 5729
1749306018703 0.040290623903274536 5739
1749306020470 0.1380835473537445 5749
1749306022171 0.04015439376235008 5759
1749306023872 0.6863604784011841 5769
1749306025573 0.16209179162979126 5779
1749306027294 0.0834677517414093 5789
1749306028995 0.03076516091823578 5799
1749306030728 0.030596386641263962 5809
1749306032482 0.12285451591014862 5819
1749306034225 0.017642680555582047 5829
1749306035980 0.23521098494529724 5839
1749306037690 0.04436478763818741 5849
1749306039400 0.016164220869541168 5859
1749306041128 0.040676429867744446 5869
1749306042852 0.020632097497582436 5879
1749306047794 0.0358838252723217 5889
1749306049545 0.02960861846804619 5899
1749306051250 0.03348763287067413 5909
1749306052957 0.020118877291679382 5919
1749306054687 0.033664535731077194 5929
1749306056416 0.2118324339389801 5939
1749306058127 0.10402096807956696 5949
1749306059890 0.08385641872882843 5959
1749306061619 0.01632952317595482 5969
1749306063345 0.011371314525604248 5979
1749306065072 0.01068742573261261 5989
1749306066789 0.02755657583475113 5999
1749306068528 0.014651279896497726 6009
1749306070232 0.04576907306909561 6019
1749306071967 0.011289883404970169 6029
1749306073702 0.019105535000562668 6039
1749306075432 0.04297597333788872 6049
1749306077185 0.07482513785362244 6059
1749306078815 0.23787467181682587 6069
1749306083793 0.02683861553668976 6079
1749306085493 0.027027007192373276 6089
1749306087193 0.05720711499452591 6099
1749306088890 0.019441038370132446 6109
1749306090650 0.009019285440444946 6119
1749306092361 0.014283332973718643 6129
1749306094067 0.008063919842243195 6139
1749306095771 0.011922355741262436 6149
1749306097487 0.0179162435233593 6159
1749306099200 0.05594925582408905 6169
1749306100901 0.09454633295536041 6179
1749306102627 0.18731573224067688 6189
1749306104331 0.012657493352890015 6199
1749306106054 0.02333742007613182 6209
1749306107776 0.005812544375658035 6219
1749306109478 0.012355927377939224 6229
1749306111199 0.010823633521795273 6239
1749306112899 0.012469463050365448 6249
1749306118136 0.029262647032737732 6259
1749306119892 0.013607259839773178 6269
1749306121602 0.07746534049510956 6279
1749306123280 0.009224317967891693 6289
1749306124968 0.03160427138209343 6299
1749306126664 0.015907611697912216 6309
1749306128379 0.012093201279640198 6319
1749306130096 0.0070502981543540955 6329
1749306131796 0.008443158119916916 6339
1749306133522 0.02057511731982231 6349
1749306135231 0.01569511741399765 6359
1749306136959 0.007205262780189514 6369
1749306138675 0.010431993752717972 6379
1749306140367 0.07925409078598022 6389
1749306142070 0.010604463517665863 6399
1749306143800 0.00839667022228241 6409
1749306145512 0.11223405599594116 6419
1749306147257 0.017267238348722458 6429
1749306148839 0.010523319244384766 6439
1749306153833 0.0518244169652462 6449
1749306155563 0.045296646654605865 6459
1749306157260 0.01237490028142929 6469
1749306158969 0.008307915180921555 6479
1749306160672 0.012227658182382584 6489
1749306162370 0.13277041912078857 6499
1749306164059 0.011895224452018738 6509
1749306165759 0.005634024739265442 6519
1749306167458 0.005211930721998215 6529
1749306169148 0.04592975229024887 6539
1749306170855 0.014584280550479889 6549
1749306172566 0.09638627618551254 6559
1749306174268 0.0074984729290008545 6569
1749306175989 0.010622870177030563 6579
1749306177685 0.12903940677642822 6589
1749306179395 0.13758793473243713 6599
1749306181121 0.027203159406781197 6609
1749306182826 0.03417328745126724 6619
1749306187746 0.015934590250253677 6629
1749306189441 0.023126816377043724 6639
1749306191143 0.03835277631878853 6649
1749306192834 0.010642047971487045 6659
1749306194543 0.010248776525259018 6669
1749306196256 0.018125202506780624 6679
1749306197967 0.011546146124601364 6689
1749306199683 0.012845750898122787 6699
1749306201396 0.016208328306674957 6709
1749306203142 0.027969561517238617 6719
1749306204877 0.009210694581270218 6729
1749306206571 0.018667854368686676 6739
1749306208306 0.06126613914966583 6749
1749306209996 0.011785933747887611 6759
1749306211710 0.01453428715467453 6769
1749306213411 0.015387564897537231 6779
1749306215113 0.0103285051882267 6789
1749306216816 0.009239111095666885 6799
1749306221701 0.007481951266527176 6809
1749306223409 0.06285887956619263 6819
1749306225176 0.013622622936964035 6829
1749306226909 0.6312088370323181 6839
1749306228637 0.03350548818707466 6849
1749306230334 0.013429205864667892 6859
1749306232048 0.010777268558740616 6869
1749306233751 0.011300232261419296 6879
1749306235459 0.008195195347070694 6889
1749306237177 0.03623448684811592 6899
1749306238891 0.007725361734628677 6909
1749306240620 0.0080551877617836 6919
1749306242322 0.00821150466799736 6929
1749306244041 0.019001204520463943 6939
1749306245759 0.007450815290212631 6949
1749306247502 0.006348904222249985 6959
1749306249227 0.010421864688396454 6969
1749306250941 0.010484207421541214 6979
1749306252619 0.008074138313531876 6989
1749306257499 0.013481758534908295 6999
1749306259199 0.03593634441494942 7009
1749306260895 0.030929893255233765 7019
1749306262585 0.0063590072095394135 7029
1749306264291 0.030399316921830177 7039
1749306266039 0.006354440003633499 7049
1749306267740 0.009232837706804276 7059
1749306269442 0.005078408867120743 7069
1749306271156 0.007206760346889496 7079
1749306272881 0.0044322386384010315 7089
1749306274611 0.013109132647514343 7099
1749306276328 0.006226006895303726 7109
1749306278052 0.009935297071933746 7119
1749306279783 0.0038419626653194427 7129
1749306281494 0.004474330693483353 7139
1749306283219 0.005762774497270584 7149
1749306284928 0.00734308734536171 7159
1749306286643 0.0050756558775901794 7169
1749306292075 0.007222902029752731 7179
1749306293746 0.0047182366251945496 7189
1749306295446 0.004078950732946396 7199
1749306297142 0.026971755549311638 7209
1749306298848 0.003805335611104965 7219
1749306300568 0.00472525879740715 7229
1749306302269 0.007770512253046036 7239
1749306303971 0.008499931544065475 7249
1749306305688 0.006459318101406097 7259
1749306307400 0.005094192922115326 7269
1749306309106 0.004078187048435211 7279
1749306310810 0.023083560168743134 7289
1749306312515 0.0029958151280879974 7299
1749306314254 0.005921319127082825 7309
1749306315970 0.0033224448561668396 7319
1749306317681 0.0031915605068206787 7329
1749306319407 0.005732826888561249 7339
1749306321148 0.005785759538412094 7349
1749306322708 0.014195643365383148 7359
1749306327729 0.002696514129638672 7369
1749306329436 0.004675570875406265 7379
1749306331144 0.004474293440580368 7389
1749306332830 0.003668643534183502 7399
1749306334526 0.0036674663424491882 7409
1749306336215 0.05245203152298927 7419
1749306337917 0.0027116797864437103 7429
1749306339618 0.003286220133304596 7439
1749306341317 0.006604935973882675 7449
1749306343007 0.0025842152535915375 7459
1749306344747 0.002956237643957138 7469
1749306346449 0.0028998106718063354 7479
1749306348156 0.0023182518780231476 7489
1749306349885 0.004603389650583267 7499
1749306351606 0.006807316094636917 7509
1749306353314 0.0025591403245925903 7519
1749306355032 0.0030280351638793945 7529
1749306356716 0.0036442838609218597 7539
1749306362059 0.0032097771763801575 7549
1749306363755 0.002886459231376648 7559
1749306365452 0.003236781805753708 7569
1749306367151 0.005259871482849121 7579
1749306368854 0.003410886973142624 7589
1749306370576 0.002797156572341919 7599
1749306372282 0.019243480637669563 7609
1749306373997 0.0031419508159160614 7619
1749306375688 0.0036893002688884735 7629
1749306377398 0.0035218894481658936 7639
1749306379105 0.0021744631230831146 7649
1749306380801 0.0029140710830688477 7659
1749306382504 0.0023753345012664795 7669
1749306384207 0.007635623216629028 7679
1749306385928 0.0021257661283016205 7689
1749306387657 0.0027074404060840607 7699
1749306389372 0.002299956977367401 7709
1749306391096 0.0023303143680095673 7719
1749306396348 0.002225331962108612 7729
1749306398079 0.011473745107650757 7739
1749306399785 0.0036223605275154114 7749
1749306401484 0.003867886960506439 7759
1749306403201 0.010511655360460281 7769
1749306404903 0.5088781714439392 7779
1749306406610 0.014211691915988922 7789
1749306408624 0.044070590287446976 7799
1749306410340 0.028690680861473083 7809
1749306412061 0.5945745706558228 7819
1749306413763 0.6844258904457092 7829
1749306415478 0.13987469673156738 7839
1749306417196 0.18273811042308807 7849
1749306418930 0.18823270499706268 7859
1749306420649 1.0412368774414062 7869
1749306422371 0.5347245931625366 7879
1749306424099 0.6500833034515381 7889
1749306425790 0.5758202075958252 7899
1749306427462 0.4594544470310211 7909
1749306432404 0.5044484734535217 7919
1749306434142 0.3248139023780823 7929
1749306435849 0.2804708778858185 7939
1749306437564 0.1388077735900879 7949
1749306439267 0.11066944897174835 7959
1749306440984 0.6225436925888062 7969
1749306442695 0.6974686980247498 7979
1749306444422 0.12858624756336212 7989
1749306446141 0.14119331538677216 7999
1749306447859 0.08074955642223358 8009
1749306449567 0.0358966663479805 8019
1749306451293 0.2571371793746948 8029
1749306453014 0.3020979166030884 8039
1749306454720 0.0489795058965683 8049
1749306456424 0.060177430510520935 8059
1749306458113 0.2002340853214264 8069
1749306459814 0.026123307645320892 8079
1749306461485 0.05270104110240936 8089
1749306466366 0.04410215839743614 8099
1749306468070 0.03696146234869957 8109
1749306469796 0.058907780796289444 8119
1749306471488 0.1066555455327034 8129
1749306473189 0.030360762029886246 8139
1749306474904 0.031097354367375374 8149
1749306476618 0.028806332498788834 8159
1749306478328 0.04644610360264778 8169
1749306480068 0.04483386501669884 8179
1749306481759 0.058806050568819046 8189
1749306483515 0.3580904006958008 8199
1749306485220 0.015780474990606308 8209
1749306486916 0.040199942886829376 8219
1749306488621 0.2840111553668976 8229
1749306490337 0.02364528551697731 8239
1749306492039 0.016793597489595413 8249
1749306493761 0.0841679722070694 8259
1749306495474 0.267823189496994 8269
1749306497062 0.07107134908437729 8279
1749306501997 0.07952746003866196 8289
1749306503715 0.04729098081588745 8299
1749306505417 0.028308091685175896 8309
1749306507143 0.01743302494287491 8319
1749306508856 0.00879272073507309 8329
1749306510555 0.05311499536037445 8339
1749306512278 0.0214768685400486 8349
1749306513989 0.061518505215644836 8359
1749306515706 0.011922519654035568 8369
1749306517412 0.010349463671445847 8379
1749306519116 0.020765624940395355 8389
1749306520809 0.03050367534160614 8399
1749306522561 0.01306295394897461 8409
1749306524264 0.010575588792562485 8419
1749306525968 0.024510670453310013 8429
1749306527684 0.011436931788921356 8439
1749306529378 0.031210418790578842 8449
1749306531094 0.0102183036506176 8459
1749306536054 0.009090296924114227 8469
1749306537745 0.04293102025985718 8479
1749306539445 0.012099876999855042 8489
1749306541131 0.010758675634860992 8499
1749306542834 0.05208779126405716 8509
1749306544534 0.009566020220518112 8519
1749306546233 0.008511826395988464 8529
1749306547923 0.010305415838956833 8539
1749306549633 0.008891068398952484 8549
1749306551339 0.014553140848875046 8559
1749306553043 0.004805173724889755 8569
1749306554748 0.00730084627866745 8579
1749306556461 0.09442831575870514 8589
1749306558189 0.006317060440778732 8599
1749306559885 0.011997014284133911 8609
1749306561580 0.006312254816293716 8619
1749306563278 0.006616048514842987 8629
1749306564991 0.18384158611297607 8639
1749306569971 0.009149007499217987 8649
1749306571693 0.009007856249809265 8659
1749306573394 0.0831419974565506 8669
1749306575109 0.008471325039863586 8679
1749306576809 0.02802019938826561 8689
1749306578529 0.006304752081632614 8699
1749306580213 0.0076202526688575745 8709
1749306581926 0.020622283220291138 8719
1749306583637 0.013972572982311249 8729
1749306585349 0.029854781925678253 8739
1749306587081 0.0068835727870464325 8749
1749306588823 0.06105354428291321 8759
1749306590518 0.027962487190961838 8769
1749306592237 0.006726056337356567 8779
1749306593952 0.0053786784410476685 8789
1749306595645 0.006512779742479324 8799
1749306597358 0.012647300958633423 8809
1749306599050 0.009986378252506256 8819
1749306600728 0.0070799365639686584 8829
1749306605630 0.006653901189565659 8839
1749306607344 0.006555739790201187 8849
1749306609041 0.01430225744843483 8859
1749306610753 0.0061408355832099915 8869
1749306612477 0.004897434264421463 8879
1749306614186 0.008909299969673157 8889
1749306615890 0.009126458317041397 8899
1749306617590 0.027796972543001175 8909
1749306619289 0.01332029327750206 8919
1749306621027 0.012798149138689041 8929
1749306622747 0.008534237742424011 8939
1749306624452 0.07040348649024963 8949
1749306626168 0.010053277015686035 8959
1749306627878 0.008530329912900925 8969
1749306629594 0.006707616150379181 8979
1749306631307 0.00661453977227211 8989
1749306633076 0.005388971418142319 8999
1749306634783 0.010684631764888763 9009
1749306639694 0.011924944818019867 9019
1749306641378 0.012341201305389404 9029
1749306643080 0.0499238520860672 9039
1749306644780 0.007258851081132889 9049
1749306646480 0.009924734011292458 9059
1749306648179 0.00701354444026947 9069
1749306649874 0.016339052468538284 9079
1749306651562 0.011664092540740967 9089
1749306653253 0.006692755967378616 9099
1749306654956 0.012677125632762909 9109
1749306656664 0.09424327313899994 9119
1749306658372 0.010466491803526878 9129
1749306660114 0.0075157321989536285 9139
1749306661826 0.03031008690595627 9149
1749306663517 0.104109987616539 9159
1749306665231 0.05705860257148743 9169
1749306666937 0.040024083107709885 9179
1749306668651 0.03963162377476692 9189
1749306670214 0.3268741965293884 9199
