1749304963424 0.8815727233886719 9
1749304964913 1.0612413883209229 19
1749304966402 1.26011061668396 29
1749304967894 1.5103893280029297 39
1749304969388 1.86039400100708 49
1749304970882 3.0949740409851074 59
1749304972719 0.8157413005828857 69
1749304974219 0.9534518718719482 79
1749304975731 0.2621592879295349 89
1749304977233 0.8776883482933044 99
1749304978734 0.20228327810764313 109
1749304980244 0.5259259939193726 119
1749304981752 1.4304721355438232 129
1749304983253 0.7628588676452637 139
1749304984757 0.2351357638835907 149
1749304986274 0.9625769853591919 159
1749304987792 0.3375434875488281 169
1749304989298 0.3774452209472656 179
1749304994355 0.45604926347732544 189
1749304995865 0.0486941859126091 199
1749304997421 0.058482490479946136 209
1749304998959 0.08316197246313095 219
1749305000488 0.20776408910751343 229
1749305002015 0.06500130891799927 239
1749305003550 0.05287180840969086 249
1749305005087 0.21686901152133942 259
1749305006613 0.17908671498298645 269
1749305008180 0.04454322159290314 279
1749305009755 0.10713592171669006 289
1749305011294 0.007833831012248993 299
1749305012854 0.08773282915353775 309
1749305014409 1.133405327796936 319
1749305015996 0.0481092631816864 329
1749305017579 0.012508787214756012 339
1749305019172 0.6690021753311157 349
1749305020766 0.15186750888824463 359
1749305026460 0.1501421332359314 369
1749305028162 0.3713345527648926 379
1749305029844 0.022385671734809875 389
1749305031539 0.4415361285209656 399
1749305033111 0.07930049300193787 409
1749305034679 0.045975781977176666 419
1749305036248 0.08266592770814896 429
1749305037816 0.08751627802848816 439
1749305039402 0.0019219964742660522 449
1749305040974 0.35929179191589355 459
1749305042543 0.205509752035141 469
1749305044108 0.07960649579763412 479
1749305045698 0.003005117177963257 489
1749305047281 0.04023296386003494 499
1749305048872 0.001022540032863617 509
1749305050464 0.06263730674982071 519
1749305052071 0.11708053201436996 529
1749305053663 0.8534126877784729 539
1749305055193 0.7488083839416504 549
1749305060321 0.33174335956573486 559
1749305061904 0.007270403206348419 569
1749305063466 0.03163713961839676 579
1749305065067 1.4164845943450928 589
1749305066646 0.6668118238449097 599
1749305068213 0.08822266757488251 609
1749305069799 0.08770530670881271 619
1749305071396 0.005449548363685608 629
1749305072987 0.0009793862700462341 639
1749305074576 0.002714894711971283 649
1749305076171 0.1647017002105713 659
1749305077808 0.061972007155418396 669
1749305079421 0.01298157125711441 679
1749305081050 0.04597249627113342 689
1749305082642 0.0295170396566391 699
1749305084241 0.0017282664775848389 709
1749305085842 0.2576950490474701 719
1749305087433 0.0024619698524475098 729
1749305092440 0.010546885430812836 739
1749305094021 0.1317840963602066 749
1749305095601 0.0021539852023124695 759
1749305097188 0.12100054323673248 769
1749305098832 0.05193714052438736 779
1749305100491 0.09114144742488861 789
1749305102123 0.05373711138963699 799
1749305103728 0.730096161365509 809
1749305105320 0.031506262719631195 819
1749305106947 0.1483205109834671 829
1749305108604 0.008020900189876556 839
1749305110217 0.35527440905570984 849
1749305111865 0.0984291359782219 859
1749305113479 0.20547613501548767 869
1749305115124 0.008130602538585663 879
1749305116756 0.4098846912384033 889
1749305118366 0.01593569666147232 899
1749305120000 0.01565094292163849 909
1749305121517 0.6062225699424744 919
1749305126705 0.007783614099025726 929
1749305128299 0.05930120497941971 939
1749305129948 0.08343492448329926 949
1749305131573 0.38166558742523193 959
1749305133184 0.020073391497135162 969
1749305134811 0.013910166919231415 979
1749305136452 0.001166120171546936 989
1749305138070 0.02010028064250946 999
1749305139688 0.05611923336982727 1009
1749305141315 0.8267368078231812 1019
1749305142926 0.13159996271133423 1029
1749305144551 0.27242040634155273 1039
1749305146186 0.4106128513813019 1049
1749305147821 0.1362520456314087 1059
1749305149473 0.028862714767456055 1069
1749305151106 0.10218699276447296 1079
1749305152746 0.0009050294756889343 1089
1749305154351 0.18967685103416443 1099
1749305159596 0.17576363682746887 1109
1749305161230 0.019961871206760406 1119
1749305162866 0.08280666172504425 1129
1749305164490 0.0003483816981315613 1139
1749305166121 0.23329439759254456 1149
1749305167821 0.2180953323841095 1159
1749305169458 9.37432050704956e-05 1169
1749305171076 0.10946553945541382 1179
1749305172718 0.0033475682139396667 1189
1749305174338 0.3338429629802704 1199
1749305175967 0.1298157274723053 1209
1749305177612 0.1089126318693161 1219
1749305179258 0.000589422881603241 1229
1749305180930 0.0006564334034919739 1239
1749305182568 0.00230252742767334 1249
1749305184229 0.004079535603523254 1259
1749305185958 0.5257881283760071 1269
1749305187610 0.021811529994010925 1279
1749305192793 0.004205375909805298 1289
1749305194431 0.18138539791107178 1299
1749305196058 0.19985173642635345 1309
1749305197681 0.0007808655500411987 1319
1749305199313 0.07053739577531815 1329
1749305200946 0.007665418088436127 1339
1749305202570 0.05828925222158432 1349
1749305204208 0.0032763779163360596 1359
1749305205846 0.016484133899211884 1369
1749305207485 0.016719281673431396 1379
1749305209140 0.08871663361787796 1389
1749305210793 0.02934212237596512 1399
1749305212458 0.0014293864369392395 1409
1749305214113 0.0014628618955612183 1419
1749305215747 0.12716463208198547 1429
1749305217387 0.29142647981643677 1439
1749305219045 0.009434014558792114 1449
1749305220712 0.40802037715911865 1459
1749305222314 0.0027519389986991882 1469
1749305227454 0.0007513687014579773 1479
1749305229100 0.00043123960494995117 1489
1749305230733 0.0012749359011650085 1499
1749305232377 0.0010745227336883545 1509
1749305234038 0.0006579384207725525 1519
1749305235711 0.0011500418186187744 1529
1749305237373 0.024275094270706177 1539
1749305239065 0.005002036690711975 1549
1749305240724 0.0015473589301109314 1559
1749305242377 0.0025563687086105347 1569
1749305244010 0.0002281591296195984 1579
1749305245957 0.0001464933156967163 1589
1749305247610 0.0002559646964073181 1599
1749305249264 0.15183471143245697 1609
1749305250955 0.015111342072486877 1619
1749305252614 0.0006409361958503723 1629
1749305254292 0.0373377725481987 1639
1749305255944 0.03013012558221817 1649
1749305260730 0.492952823638916 1659
1749305262365 0.008842334151268005 1669
1749305264003 0.009802788496017456 1679
1749305265636 0.0991118848323822 1689
1749305267291 0.0025853216648101807 1699
1749305268944 0.00037163496017456055 1709
1749305270591 0.0425616130232811 1719
1749305272243 0.00026373565196990967 1729
1749305273894 0.0871501937508583 1739
1749305275552 0.025790080428123474 1749
1749305277221 0.002105437219142914 1759
1749305278880 0.0017596781253814697 1769
1749305280538 0.006189204752445221 1779
1749305282195 0.0003078952431678772 1789
1749305283854 0.00019957125186920166 1799
1749305285516 0.0007631033658981323 1809
1749305287173 0.034515365958213806 1819
1749305288818 0.027911335229873657 1829
1749305290354 0.0021368861198425293 1839
1749305295575 0.00024375319480895996 1849
1749305297215 9.305030107498169e-05 1859
1749305298860 0.0006025731563568115 1869
1749305300496 0.0002150610089302063 1879
1749305302147 4.6133995056152344e-05 1889
1749305303827 0.002081736922264099 1899
1749305305475 0.0048693642020225525 1909
1749305307141 0.01871773600578308 1919
1749305308806 0.002912856638431549 1929
1749305310487 0.4741987884044647 1939
1749305312148 0.018884733319282532 1949
1749305313807 0.5258153080940247 1959
1749305315463 0.035244524478912354 1969
1749305317126 0.002357788383960724 1979
1749305318796 8.524954319000244e-05 1989
1749305320448 0.023713454604148865 1999
1749305322119 0.5157500505447388 2009
1749305323739 0.013764113187789917 2019
1749305328511 0.010220617055892944 2029
1749305330152 0.039461471140384674 2039
1749305331802 0.16965731978416443 2049
1749305333460 0.3104337453842163 2059
1749305335119 0.3790956139564514 2069
1749305336795 0.015305936336517334 2079
1749305338460 0.20217610895633698 2089
1749305340117 0.3779700994491577 2099
1749305341815 0.49299943447113037 2109
1749305343481 0.29128503799438477 2119
1749305345150 0.3222010135650635 2129
1749305346875 0.009991824626922607 2139
1749305348566 0.12197573482990265 2149
1749305350211 0.017185725271701813 2159
1749305351883 0.10590317845344543 2169
1749305353546 0.2618713974952698 2179
1749305355191 0.3324021100997925 2189
1749305356858 0.2192644327878952 2199
1749305361601 0.02324090152978897 2209
1749305363256 0.02055976539850235 2219
1749305364916 7.941573858261108e-05 2229
1749305366582 0.015583664178848267 2239
1749305368255 0.013842783868312836 2249
1749305369978 0.2819981276988983 2259
1749305371652 0.033210642635822296 2269
1749305373314 0.20933225750923157 2279
1749305374991 0.37803322076797485 2289
1749305376658 0.14960214495658875 2299
1749305378313 0.022197216749191284 2309
1749305379979 0.43784114718437195 2319
1749305381647 0.4053992033004761 2329
1749305383318 0.0038650408387184143 2339
1749305384985 0.0006653442978858948 2349
1749305386652 0.004042834043502808 2359
1749305388320 0.02175194025039673 2369
1749305389986 0.005360327661037445 2379
1749305391609 0.00011789798736572266 2389
1749305396469 0.0006733611226081848 2399
1749305398133 0.00024727731943130493 2409
1749305399783 0.0018732249736785889 2419
1749305401445 0.020365379750728607 2429
1749305403101 0.01652532070875168 2439
1749305404764 0.0003911629319190979 2449
1749305406422 0.001324094831943512 2459
1749305408083 0.004458777606487274 2469
1749305409753 6.222724914550781e-05 2479
1749305411425 0.00011736899614334106 2489
1749305413188 0.0005705803632736206 2499
1749305414865 0.010038547217845917 2509
1749305416534 0.0038694441318511963 2519
1749305418219 0.0013805404305458069 2529
1749305419900 0.0007000863552093506 2539
1749305421651 0.0061650872230529785 2549
1749305423277 0.00037645548582077026 2559
1749305424879 0.0003686845302581787 2569
1749305429817 0.05596911162137985 2579
1749305431549 0.001928582787513733 2589
1749305433176 0.005595177412033081 2599
1749305434804 0.00012113898992538452 2609
1749305436454 0.0006102174520492554 2619
1749305438112 0.0031057000160217285 2629
1749305439762 0.0003131181001663208 2639
1749305441423 6.765127182006836e-05 2649
1749305443074 0.028275996446609497 2659
1749305444725 0.00016880780458450317 2669
1749305446379 0.03883413225412369 2679
1749305448028 0.0006465911865234375 2689
1749305449679 0.000546768307685852 2699
1749305451324 0.0009548366069793701 2709
1749305452981 0.00016210973262786865 2719
1749305454641 0.0003763064742088318 2729
1749305456248 0.07665890455245972 2739
1749305457858 0.14006537199020386 2749
1749305459413 9.939074516296387e-06 2759
1749305464579 4.1037797927856445e-05 2769
1749305466220 0.0006435513496398926 2779
1749305467892 0.0013331770896911621 2789
1749305469561 2.397596836090088e-05 2799
1749305471222 0.0002570897340774536 2809
1749305472862 0.20650656521320343 2819
1749305474519 0.0017799586057662964 2829
1749305476168 0.2575919032096863 2839
1749305477813 2.898275852203369e-05 2849
1749305479473 0.10256044566631317 2859
1749305481130 0.001164264976978302 2869
1749305482768 0.003726087510585785 2879
1749305484441 0.0009842365980148315 2889
1749305486142 0.0009183958172798157 2899
1749305487777 0.02090068906545639 2909
1749305489445 0.0002346336841583252 2919
1749305491112 0.13405486941337585 2929
1749305492747 0.04642774909734726 2939
1749305497501 0.001809448003768921 2949
1749305499175 0.0021822452545166016 2959
1749305500831 0.055304355919361115 2969
1749305502509 0.8381059765815735 2979
1749305504174 0.16062986850738525 2989
1749305505830 1.699167251586914 2999
1749305507494 0.00036081671714782715 3009
1749305509158 0.005538567900657654 3019
1749305510819 0.02047545462846756 3029
1749305512492 0.7819744348526001 3039
1749305514152 0.3408352732658386 3049
1749305515802 0.0077460333704948425 3059
1749305517467 0.005429089069366455 3069
1749305519133 0.00023289024829864502 3079
1749305520804 0.00066395103931427 3089
1749305522470 0.0006429553031921387 3099
1749305524172 0.0010884329676628113 3109
1749305525824 0.2894291281700134 3119
1749305530519 0.00013268738985061646 3129
1749305532153 0.0019364655017852783 3139
1749305533818 0.025366559624671936 3149
1749305535468 0.03327130526304245 3159
1749305537132 0.00035031139850616455 3169
1749305538778 0.005174413323402405 3179
1749305540467 0.001802891492843628 3189
1749305542121 0.005628623068332672 3199
1749305543790 0.0038315504789352417 3209
1749305545736 0.003566056489944458 3219
1749305547405 0.0002373233437538147 3229
1749305549081 0.0022390633821487427 3239
1749305550813 0.024096228182315826 3249
1749305552502 0.00026120245456695557 3259
1749305554174 0.33505791425704956 3269
1749305555835 0.00023470818996429443 3279
1749305557487 0.0034549906849861145 3289
1749305559167 0.15086042881011963 3299
1749305560836 0.0007494017481803894 3309
1749305565471 0.0006629899144172668 3319
1749305567141 0.01311810314655304 3329
1749305568824 0.12372878938913345 3339
1749305570484 0.0014249980449676514 3349
1749305572178 0.00048388540744781494 3359
1749305573834 0.003748886287212372 3369
1749305575526 0.0006229355931282043 3379
1749305577197 0.003166191279888153 3389
1749305578868 0.006948813796043396 3399
1749305580539 0.001083187758922577 3409
1749305582229 0.00021617859601974487 3419
1749305583921 0.00020825117826461792 3429
1749305585590 0.16892017424106598 3439
1749305587258 0.22590243816375732 3449
1749305588927 0.00019411742687225342 3459
1749305590608 0.0005138590931892395 3469
1749305592266 0.0004642084240913391 3479
1749305593903 0.0002563968300819397 3489
1749305598994 0.0059079378843307495 3499
1749305600715 6.957352161407471e-05 3509
1749305602355 6.277114152908325e-05 3519
1749305603999 0.00011643767356872559 3529
1749305605633 0.00041997432708740234 3539
1749305607295 0.00013475120067596436 3549
1749305608942 0.00026564300060272217 3559
1749305610628 9.091198444366455e-05 3569
1749305612279 4.982948303222656e-05 3579
1749305613947 0.0002179369330406189 3589
1749305615613 0.1689649075269699 3599
1749305617286 0.0006639063358306885 3609
1749305618947 0.0007352009415626526 3619
1749305620617 0.019044220447540283 3629
1749305622289 0.0012876838445663452 3639
1749305623939 0.0006193667650222778 3649
1749305625608 0.00034643709659576416 3659
1749305627360 0.00024077296257019043 3669
1749305628943 1.0013580322265625e-05 3679
1749305634411 0.175032377243042 3689
1749305636057 0.0003692805767059326 3699
1749305637785 4.628300666809082e-05 3709
1749305639462 0.0001728534698486328 3719
1749305641139 4.519522190093994e-05 3729
1749305642825 3.773719072341919e-05 3739
1749305644515 4.342198371887207e-05 3749
1749305646207 4.2743980884552e-05 3759
1749305647890 0.005803048610687256 3769
1749305649577 6.068497896194458e-05 3779
1749305651280 4.239380359649658e-05 3789
1749305652982 0.0005473494529724121 3799
1749305654672 0.0014193877577781677 3809
1749305656368 0.002964124083518982 3819
1749305658052 0.0012389272451400757 3829
1749305659727 0.0005661249160766602 3839
1749305661422 2.5466084480285645e-05 3849
1749305663076 2.442300319671631e-05 3859
1749305668439 6.240606307983398e-05 3869
1749305670109 1.6264617443084717e-05 3879
1749305671803 6.463378667831421e-05 3889
1749305673515 0.024103522300720215 3899
1749305675204 1.648813486099243e-05 3909
1749305676887 0.0023764297366142273 3919
1749305678567 0.0003416389226913452 3929
1749305680234 4.028528928756714e-05 3939
1749305681909 0.19066452980041504 3949
1749305683617 0.001803286373615265 3959
1749305685291 0.053989700973033905 3969
1749305686964 0.005254462361335754 3979
1749305688663 0.5506427884101868 3989
1749305690346 0.2089473307132721 3999
1749305692047 0.029013104736804962 4009
1749305693736 0.41058269143104553 4019
1749305695419 0.10541530698537827 4029
1749305697116 0.041965045034885406 4039
1749305701923 0.07324610650539398 4049
1749305703636 0.0023536160588264465 4059
1749305705309 0.7185811996459961 4069
1749305707002 0.8164814114570618 4079
1749305708686 0.5886595249176025 4089
1749305710393 0.23642997443675995 4099
1749305712080 0.3349784314632416 4109
1749305713762 0.07255993783473969 4119
1749305715470 0.5813349485397339 4129
1749305717179 0.02562369406223297 4139
1749305718881 0.586661696434021 4149
1749305720566 0.005027927458286285 4159
1749305722255 0.06098520755767822 4169
1749305723956 0.009550780057907104 4179
1749305725650 1.2948203086853027 4189
1749305727343 0.12345294654369354 4199
1749305729042 0.24776965379714966 4209
1749305730767 0.6149837970733643 4219
1749305732399 0.004495352506637573 4229
1749305737323 0.011704690754413605 4239
1749305739002 0.0031917616724967957 4249
1749305740683 0.36855727434158325 4259
1749305742354 0.009600132703781128 4269
1749305744031 0.0016323179006576538 4279
1749305745710 0.34317469596862793 4289
1749305747395 0.004386179149150848 4299
1749305749079 0.15350478887557983 4309
1749305750748 0.0015203505754470825 4319
1749305752446 0.0004369094967842102 4329
1749305754148 0.0065023526549339294 4339
1749305755850 0.0014652609825134277 4349
1749305757567 0.0005265548825263977 4359
1749305759270 0.0006018057465553284 4369
1749305760974 0.0018502026796340942 4379
1749305762670 0.00010222941637039185 4389
1749305764373 0.00015830248594284058 4399
1749305766047 0.2218267023563385 4409
1749305770875 0.03180650621652603 4419
1749305772545 0.09878634661436081 4429
1749305774238 0.0005370005965232849 4439
1749305775937 0.0009599477052688599 4449
1749305777620 0.0015451312065124512 4459
1749305779291 0.0002004876732826233 4469
1749305781013 0.005033165216445923 4479
1749305782706 0.0018698200583457947 4489
1749305784405 0.017655961215496063 4499
1749305786124 0.0004559531807899475 4509
1749305787813 0.013132110238075256 4519
1749305789508 0.0004268139600753784 4529
1749305791285 0.04695991426706314 4539
1749305792981 0.002495020627975464 4549
1749305794665 0.13747602701187134 4559
1749305796364 0.12903772294521332 4569
1749305798049 0.04413199424743652 4579
1749305799738 0.11469478905200958 4589
1749305801304 2.6360154151916504e-05 4599
1749305806274 0.020700931549072266 4609
1749305807976 0.01779765635728836 4619
1749305809680 0.011562906205654144 4629
1749305811395 0.013507582247257233 4639
1749305813109 0.0025513172149658203 4649
1749305814813 0.0905349925160408 4659
1749305816519 0.013395726680755615 4669
1749305818244 0.00152665376663208 4679
1749305819971 0.00026942789554595947 4689
1749305821685 0.0005897954106330872 4699
1749305823400 0.0005889981985092163 4709
1749305825404 0.002829819917678833 4719
1749305827090 0.06285500526428223 4729
1749305828804 0.001070760190486908 4739
1749305830527 0.000580616295337677 4749
1749305832212 0.0021680742502212524 4759
1749305833912 0.00016061216592788696 4769
1749305835582 2.7574598789215088e-05 4779
1749305840540 0.00032945722341537476 4789
1749305842251 0.010306589305400848 4799
1749305843949 0.0003488287329673767 4809
1749305845654 0.005894944071769714 4819
1749305847343 0.002079099416732788 4829
1749305849058 0.0008796229958534241 4839
1749305850764 0.01246931403875351 4849
1749305852461 0.0003400743007659912 4859
1749305854194 0.0007784739136695862 4869
1749305855887 0.0254429429769516 4879
1749305857583 0.0006195008754730225 4889
1749305859282 0.0002727434039115906 4899
1749305860974 0.00017747282981872559 4909
1749305862656 0.0019390732049942017 4919
1749305864372 0.0005196481943130493 4929
1749305866071 9.6932053565979e-05 4939
1749305867760 0.01642478257417679 4949
1749305869449 3.392994403839111e-05 4959
1749305874273 0.00010251253843307495 4969
1749305876011 0.009421676397323608 4979
1749305877686 0.0005057081580162048 4989
1749305879365 0.00024694204330444336 4999
1749305881041 0.00013675540685653687 5009
1749305882736 4.0762126445770264e-05 5019
1749305884441 0.00016321241855621338 5029
1749305886133 0.026089131832122803 5039
1749305887825 0.0004142075777053833 5049
1749305889543 0.00029412657022476196 5059
1749305891246 0.00015033036470413208 5069
1749305892942 0.00017080456018447876 5079
1749305894623 0.00024253875017166138 5089
1749305896338 6.746500730514526e-05 5099
1749305898039 0.001359693706035614 5109
1749305899757 0.0008206814527511597 5119
1749305901467 0.00022033601999282837 5129
1749305903150 8.402019739151001e-05 5139
1749305904848 6.11916184425354e-05 5149
1749305910221 9.974092245101929e-05 5159
1749305911905 7.592141628265381e-05 5169
1749305913614 0.0005004703998565674 5179
1749305915332 3.528594970703125e-05 5189
1749305917030 0.00013290345668792725 5199
1749305918700 5.8978796005249023e-05 5209
1749305920391 5.614757537841797e-05 5219
1749305922087 0.0001036226749420166 5229
1749305923770 0.21639645099639893 5239
1749305925458 4.1954219341278076e-05 5249
1749305927171 0.01257072389125824 5259
1749305928871 1.0751187801361084e-05 5269
1749305930561 1.3947486877441406e-05 5279
1749305932261 6.362050771713257e-05 5289
1749305933958 1.7777085304260254e-05 5299
1749305935658 6.238371133804321e-05 5309
1749305937353 4.735589027404785e-05 5319
1749305939091 1.364201307296753e-05 5329
1749305944386 4.9740076065063477e-05 5339
1749305946084 2.7842819690704346e-05 5349
1749305947754 1.8641352653503418e-05 5359
1749305949461 0.0018135309219360352 5369
1749305951123 6.875395774841309e-05 5379
1749305952773 0.002770818769931793 5389
1749305954408 0.00047188252210617065 5399
1749305956157 0.000245511531829834 5409
1749305957833 0.0002257898449897766 5419
1749305959522 0.3375065326690674 5429
1749305961228 0.05676013231277466 5439
1749305962888 0.20176470279693604 5449
1749305964559 0.15656059980392456 5459
1749305966245 0.15888281166553497 5469
1749305967935 2.537048101425171 5479
1749305969612 0.3071371912956238 5489
1749305971296 0.2409534454345703 5499
1749305972980 0.1850806623697281 5509
1749305974549 0.026586011052131653 5519
1749305979628 0.016930915415287018 5529
1749305981336 0.4958394765853882 5539
1749305983082 0.017580546438694 5549
1749305984790 0.46428272128105164 5559
1749305986488 0.015243008732795715 5569
1749305988181 0.005535043776035309 5579
1749305989879 0.13603034615516663 5589
1749305991564 0.513718843460083 5599
1749305993277 0.07136749476194382 5609
1749305994969 0.15257897973060608 5619
1749305996667 0.00345737487077713 5629
1749305998369 0.05936446785926819 5639
1749306000062 0.0003536418080329895 5649
1749306001755 0.14808562397956848 5659
1749306003440 0.238657146692276 5669
1749306005169 0.10624769330024719 5679
1749306006871 0.20461216568946838 5689
1749306008575 0.00140390545129776 5699
1749306013495 0.04828662425279617 5709
1749306015235 0.002540595829486847 5719
1749306016968 0.0035574138164520264 5729
1749306018703 0.0021092742681503296 5739
1749306020470 0.028803400695323944 5749
1749306022171 0.003400668501853943 5759
1749306023872 0.5366892218589783 5769
1749306025573 0.0893159732222557 5779
1749306027294 0.0011951327323913574 5789
1749306028995 0.0029579252004623413 5799
1749306030728 0.00022557377815246582 5809
1749306032482 0.029940307140350342 5819
1749306034225 0.00043145567178726196 5829
1749306035980 0.17163394391536713 5839
1749306037690 0.006508484482765198 5849
1749306039400 0.00010178983211517334 5859
1749306041128 0.00038740038871765137 5869
1749306042852 0.00013191252946853638 5879
1749306047794 0.010945551097393036 5889
1749306049545 0.00011432170867919922 5899
1749306051250 0.00024549663066864014 5909
1749306052957 0.0004990771412849426 5919
1749306054687 0.0013500675559043884 5929
1749306056416 0.14092902839183807 5939
1749306058127 0.08608432114124298 5949
1749306059890 0.020919576287269592 5959
1749306061619 0.0005774721503257751 5969
1749306063345 0.0004082098603248596 5979
1749306065072 3.8743019104003906e-05 5989
1749306066789 0.000382445752620697 5999
1749306068528 0.00012020021677017212 6009
1749306070232 0.0236070454120636 6019
1749306071967 0.00011429935693740845 6029
1749306073702 0.0007654950022697449 6039
1749306075432 0.014534085988998413 6049
1749306077185 0.03634518384933472 6059
1749306078815 0.20026448369026184 6069
1749306083793 0.01422455906867981 6079
1749306085493 0.013107426464557648 6089
1749306087193 0.007524430751800537 6099
1749306088890 0.00045358389616012573 6109
1749306090650 0.0002454221248626709 6119
1749306092361 4.652142524719238e-05 6129
1749306094067 3.1128525733947754e-05 6139
1749306095771 0.0008283704519271851 6149
1749306097487 0.0015606880187988281 6159
1749306099200 0.009473808109760284 6169
1749306100901 0.04618840664625168 6179
1749306102627 0.15180069208145142 6189
1749306104331 0.0014623850584030151 6199
1749306106054 0.005284115672111511 6209
1749306107776 0.00014907121658325195 6219
1749306109478 0.0002414211630821228 6229
1749306111199 0.0005511417984962463 6239
1749306112899 0.0003753155469894409 6249
1749306118136 0.006065189838409424 6259
1749306119892 0.00041971355676651 6269
1749306121602 0.014746397733688354 6279
1749306123280 0.00014503300189971924 6289
1749306124968 0.002934865653514862 6299
1749306126664 0.00019571930170059204 6309
1749306128379 0.0006107911467552185 6319
1749306130096 8.638948202133179e-05 6329
1749306131796 8.10474157333374e-05 6339
1749306133522 0.0007990822196006775 6349
1749306135231 0.0009302794933319092 6359
1749306136959 0.00027760863304138184 6369
1749306138675 0.0015325695276260376 6379
1749306140367 0.037643082439899445 6389
1749306142070 0.00024209171533584595 6399
1749306143800 0.0002974793314933777 6409
1749306145512 0.06372145563364029 6419
1749306147257 0.0005444809794425964 6429
1749306148839 0.00010301172733306885 6439
1749306153833 0.03347010165452957 6449
1749306155563 0.0073629990220069885 6459
1749306157260 0.0006174743175506592 6469
1749306158969 2.8423964977264404e-05 6479
1749306160672 0.0001544356346130371 6489
1749306162370 0.09761302918195724 6499
1749306164059 6.140023469924927e-05 6509
1749306165759 1.3343989849090576e-05 6519
1749306167458 2.0228326320648193e-05 6529
1749306169148 7.199496030807495e-05 6539
1749306170855 0.000748850405216217 6549
1749306172566 0.06264546513557434 6559
1749306174268 0.0002503916621208191 6569
1749306175989 0.0018124058842658997 6579
1749306177685 0.10171757638454437 6589
1749306179395 0.030667483806610107 6599
1749306181121 0.00028599798679351807 6609
1749306182826 0.0068281590938568115 6619
1749306187746 0.0008308514952659607 6629
1749306189441 0.005890145897865295 6639
1749306191143 0.00010864436626434326 6649
1749306192834 0.0003816932439804077 6659
1749306194543 0.0007541105151176453 6669
1749306196256 0.0002037137746810913 6679
1749306197967 0.001925930380821228 6689
1749306199683 0.0006056800484657288 6699
1749306201396 5.9701502323150635e-05 6709
1749306203142 0.0015893727540969849 6719
1749306204877 0.00012089312076568604 6729
1749306206571 0.001558251678943634 6739
1749306208306 0.002254970371723175 6749
1749306209996 3.4928321838378906e-05 6759
1749306211710 9.842216968536377e-05 6769
1749306213411 0.00035006552934646606 6779
1749306215113 0.0004781559109687805 6789
1749306216816 1.2628734111785889e-05 6799
1749306221701 0.0006822496652603149 6809
1749306223409 0.008994229137897491 6819
1749306225176 0.004593886435031891 6829
1749306226909 0.5133376717567444 6839
1749306228637 0.020997390151023865 6849
1749306230334 0.0022301897406578064 6859
1749306232048 0.002491779625415802 6869
1749306233751 0.0013037025928497314 6879
1749306235459 2.51084566116333e-05 6889
1749306237177 0.00021319836378097534 6899
1749306238891 0.00028339773416519165 6909
1749306240620 0.00011152774095535278 6919
1749306242322 0.00012063980102539062 6929
1749306244041 0.0033742040395736694 6939
1749306245759 2.637505531311035e-05 6949
1749306247502 8.150935173034668e-06 6959
1749306249227 6.112456321716309e-05 6969
1749306250941 0.002360925078392029 6979
1749306252619 0.0007431954145431519 6989
1749306257499 0.00037751346826553345 6999
1749306259199 0.0028951317071914673 7009
1749306260895 4.62457537651062e-05 7019
1749306262585 8.18297266960144e-05 7029
1749306264291 0.0010980293154716492 7039
1749306266039 3.446638584136963e-05 7049
1749306267740 2.609938383102417e-05 7059
1749306269442 1.0944902896881104e-05 7069
1749306271156 3.912299871444702e-05 7079
1749306272881 6.859004497528076e-05 7089
1749306274611 0.004139594733715057 7099
1749306276328 7.483363151550293e-05 7109
1749306278052 0.0002582967281341553 7119
1749306279783 9.638071060180664e-05 7129
1749306281494 4.629790782928467e-05 7139
1749306283219 0.00015679001808166504 7149
1749306284928 3.7439167499542236e-05 7159
1749306286643 9.2335045337677e-05 7169
1749306292075 1.574307680130005e-05 7179
1749306293746 0.00026713311672210693 7189
1749306295446 4.375725984573364e-05 7199
1749306297142 0.00014281272888183594 7209
1749306298848 2.7298927307128906e-05 7219
1749306300568 5.62816858291626e-05 7229
1749306302269 4.836171865463257e-05 7239
1749306303971 1.154094934463501e-05 7249
1749306305688 1.2978911399841309e-05 7259
1749306307400 5.650520324707031e-05 7269
1749306309106 1.4580786228179932e-05 7279
1749306310810 0.00020585209131240845 7289
1749306312515 5.294382572174072e-05 7299
1749306314254 0.00024934113025665283 7309
1749306315970 9.684264659881592e-05 7319
1749306317681 3.943592309951782e-05 7329
1749306319407 2.6479363441467285e-05 7339
1749306321148 0.00015699118375778198 7349
1749306322708 0.00186176598072052 7359
1749306327729 8.258968591690063e-05 7369
1749306329436 0.0001933649182319641 7379
1749306331144 0.0004416555166244507 7389
1749306332830 0.0004215911030769348 7399
1749306334526 0.0002662241458892822 7409
1749306336215 0.0455855131149292 7419
1749306337917 0.00018984824419021606 7429
1749306339618 0.00015229731798171997 7439
1749306341317 0.0002727136015892029 7449
1749306343007 9.381026029586792e-05 7459
1749306344747 2.5570392608642578e-05 7469
1749306346449 0.0001063123345375061 7479
1749306348156 0.00016251206398010254 7489
1749306349885 0.00015072524547576904 7499
1749306351606 0.0008058100938796997 7509
1749306353314 2.9630959033966064e-05 7519
1749306355032 0.0002749711275100708 7529
1749306356716 1.084059476852417e-05 7539
1749306362059 1.7426908016204834e-05 7549
1749306363755 6.823241710662842e-05 7559
1749306365452 0.00018436461687088013 7569
1749306367151 0.0002472400665283203 7579
1749306368854 2.2292137145996094e-05 7589
1749306370576 2.3439526557922363e-05 7599
1749306372282 0.00103779137134552 7609
1749306373997 5.456060171127319e-05 7619
1749306375688 0.00011936575174331665 7629
1749306377398 3.889948129653931e-05 7639
1749306379105 3.97413969039917e-05 7649
1749306380801 5.570054054260254e-05 7659
1749306382504 8.55177640914917e-05 7669
1749306384207 7.53253698348999e-06 7679
1749306385928 2.3111701011657715e-05 7689
1749306387657 1.95428729057312e-05 7699
1749306389372 6.537884473800659e-05 7709
1749306391096 6.750226020812988e-06 7719
1749306396348 2.5190412998199463e-05 7729
1749306398079 0.0016454458236694336 7739
1749306399785 0.00037042051553726196 7749
1749306401484 0.0011289268732070923 7759
1749306403201 0.00010182708501815796 7769
1749306404903 0.4842490553855896 7779
1749306406610 0.00013726204633712769 7789
1749306408624 0.010728418827056885 7799
1749306410340 0.0008721724152565002 7809
1749306412061 0.48410505056381226 7819
1749306413763 0.5836582183837891 7829
1749306415478 0.010960698127746582 7839
1749306417196 0.05564349889755249 7849
1749306418930 0.09411880373954773 7859
1749306420649 0.8271527886390686 7869
1749306422371 0.3782370984554291 7879
1749306424099 0.4569585919380188 7889
1749306425790 0.42087602615356445 7899
1749306427462 0.2842501997947693 7909
1749306432404 0.2827107906341553 7919
1749306434142 0.17479237914085388 7929
1749306435849 0.14705446362495422 7939
1749306437564 0.0188354030251503 7949
1749306439267 0.0414479523897171 7959
1749306440984 0.5016469359397888 7969
1749306442695 0.5671645402908325 7979
1749306444422 0.03502166271209717 7989
1749306446141 0.04681070148944855 7999
1749306447859 0.028465978801250458 8009
1749306449567 0.0017170310020446777 8019
1749306451293 0.17890696227550507 8029
1749306453014 0.17956401407718658 8039
1749306454720 0.001534968614578247 8049
1749306456424 0.013875879347324371 8059
1749306458113 0.11528728902339935 8069
1749306459814 0.0002584680914878845 8079
1749306461485 0.007784232497215271 8089
1749306466366 0.0007482320070266724 8099
1749306468070 0.002271205186843872 8109
1749306469796 0.02164444327354431 8119
1749306471488 0.032399870455265045 8129
1749306473189 0.00023427605628967285 8139
1749306474904 0.0015840083360671997 8149
1749306476618 0.003730952739715576 8159
1749306478328 0.00011408329010009766 8169
1749306480068 0.004989489912986755 8179
1749306481759 0.02254561334848404 8189
1749306483515 0.2718956470489502 8199
1749306485220 0.0001913309097290039 8209
1749306486916 0.010630674660205841 8219
1749306488621 0.19834598898887634 8229
1749306490337 0.0003450140357017517 8239
1749306492039 0.0013976693153381348 8249
1749306493761 0.02753889560699463 8259
1749306495474 0.2215450555086136 8269
1749306497062 0.000572502613067627 8279
1749306501997 0.032855503261089325 8289
1749306503715 0.007948540151119232 8299
1749306505417 0.00508580356836319 8309
1749306507143 0.0006301626563072205 8319
1749306508856 0.0001331046223640442 8329
1749306510555 0.00211266428232193 8339
1749306512278 0.0036211609840393066 8349
1749306513989 0.005009263753890991 8359
1749306515706 0.0026465654373168945 8369
1749306517412 4.502385854721069e-05 8379
1749306519116 0.01029311865568161 8389
1749306520809 0.007908672094345093 8399
1749306522561 0.0024463534355163574 8409
1749306524264 0.0005099102854728699 8419
1749306525968 0.0020501986145973206 8429
1749306527684 0.0001096576452255249 8439
1749306529378 0.006871499121189117 8449
1749306531094 0.00021795183420181274 8459
1749306536054 0.00017718225717544556 8469
1749306537745 0.0006288886070251465 8479
1749306539445 0.00241987407207489 8489
1749306541131 0.00017555058002471924 8499
1749306542834 0.0042091235518455505 8509
1749306544534 0.000566333532333374 8519
1749306546233 0.0002611503005027771 8529
1749306547923 0.00012112408876419067 8539
1749306549633 0.00022901594638824463 8549
1749306551339 0.004306495189666748 8559
1749306553043 8.286535739898682e-05 8569
1749306554748 9.485334157943726e-05 8579
1749306556461 0.04343970865011215 8589
1749306558189 0.00012014061212539673 8599
1749306559885 0.00019633769989013672 8609
1749306561580 3.516674041748047e-05 8619
1749306563278 0.0006429329514503479 8629
1749306564991 0.10528695583343506 8639
1749306569971 0.0001387670636177063 8649
1749306571693 0.000549711287021637 8659
1749306573394 0.022614099085330963 8669
1749306575109 0.0003756508231163025 8679
1749306576809 4.883855581283569e-05 8689
1749306578529 7.481127977371216e-05 8699
1749306580213 0.0007771104574203491 8709
1749306581926 0.0025613903999328613 8719
1749306583637 0.0005920156836509705 8729
1749306585349 0.02257411926984787 8739
1749306587081 0.00012624263763427734 8749
1749306588823 0.031837575137615204 8759
1749306590518 0.002226695418357849 8769
1749306592237 9.179860353469849e-05 8779
1749306593952 8.425116539001465e-05 8789
1749306595645 4.462897777557373e-05 8799
1749306597358 0.0013364329934120178 8809
1749306599050 0.00015707314014434814 8819
1749306600728 9.478628635406494e-05 8829
1749306605630 7.81714916229248e-05 8839
1749306607344 6.6317617893219e-05 8849
1749306609041 0.0008365735411643982 8859
1749306610753 3.4265220165252686e-05 8869
1749306612477 1.944601535797119e-05 8879
1749306614186 0.00019280612468719482 8889
1749306615890 0.0005565807223320007 8899
1749306617590 0.0011385828256607056 8909
1749306619289 0.0021523386240005493 8919
1749306621027 0.0006556957960128784 8929
1749306622747 0.0004259869456291199 8939
1749306624452 0.03080037236213684 8949
1749306626168 0.0003731846809387207 8959
1749306627878 0.00026939064264297485 8969
1749306629594 7.333606481552124e-05 8979
1749306631307 0.00023250281810760498 8989
1749306633076 0.00013643503189086914 8999
1749306634783 0.0018614158034324646 9009
1749306639694 0.0002494901418685913 9019
1749306641378 0.0003103017807006836 9029
1749306643080 0.007549285888671875 9039
1749306644780 4.518777132034302e-05 9049
1749306646480 0.0002069622278213501 9059
1749306648179 8.583813905715942e-05 9069
1749306649874 0.0002079010009765625 9079
1749306651562 0.000191517174243927 9089
1749306653253 0.00036171823740005493 9099
1749306654956 0.001136772334575653 9109
1749306656664 0.06471860408782959 9119
1749306658372 0.0001420155167579651 9129
1749306660114 0.00017672032117843628 9139
1749306661826 0.004878297448158264 9149
1749306663517 0.06575755029916763 9159
1749306665231 0.01703881472349167 9169
1749306666937 0.021964170038700104 9179
1749306668651 0.02033078670501709 9189
1749306670214 0.21659860014915466 9199
