1749304963424 0.8125 9
1749304964913 0.9375 19
1749304966402 0.875 29
1749304967894 0.75 39
1749304969388 0.8125 49
1749304970882 0.5 59
1749304972719 0.875 69
1749304974219 0.8125 79
1749304975731 0.9375 89
1749304977233 0.9375 99
1749304978734 0.9375 109
1749304980244 0.875 119
1749304981752 0.9375 129
1749304983253 0.875 139
1749304984757 0.9375 149
1749304986274 0.8125 159
1749304987792 0.875 169
1749304989298 0.875 179
1749304994355 0.9375 189
1749304995865 1.0 199
1749304997421 1.0 209
1749304998959 1.0 219
1749305000488 0.9375 229
1749305002015 1.0 239
1749305003550 1.0 249
1749305005087 1.0 259
1749305006613 0.9375 269
1749305008180 1.0 279
1749305009755 0.9375 289
1749305011294 1.0 299
1749305012854 1.0 309
1749305014409 0.875 319
1749305015996 1.0 329
1749305017579 1.0 339
1749305019172 0.875 349
1749305020766 0.9375 359
1749305026460 0.9375 369
1749305028162 0.9375 379
1749305029844 1.0 389
1749305031539 0.9375 399
1749305033111 1.0 409
1749305034679 1.0 419
1749305036248 1.0 429
1749305037816 1.0 439
1749305039402 1.0 449
1749305040974 0.9375 459
1749305042543 0.9375 469
1749305044108 1.0 479
1749305045698 1.0 489
1749305047281 1.0 499
1749305048872 1.0 509
1749305050464 1.0 519
1749305052071 0.9375 529
1749305053663 0.875 539
1749305055193 1.0 549
1749305060321 1.0 559
1749305061904 1.0 569
1749305063466 1.0 579
1749305065067 0.875 589
1749305066646 0.9375 599
1749305068213 1.0 609
1749305069799 0.9375 619
1749305071396 1.0 629
1749305072987 1.0 639
1749305074576 1.0 649
1749305076171 1.0 659
1749305077808 1.0 669
1749305079421 1.0 679
1749305081050 1.0 689
1749305082642 1.0 699
1749305084241 1.0 709
1749305085842 0.875 719
1749305087433 1.0 729
1749305092440 1.0 739
1749305094021 1.0 749
1749305095601 1.0 759
1749305097188 0.9375 769
1749305098832 1.0 779
1749305100491 1.0 789
1749305102123 1.0 799
1749305103728 0.875 809
1749305105320 1.0 819
1749305106947 0.9375 829
1749305108604 1.0 839
1749305110217 0.875 849
1749305111865 0.9375 859
1749305113479 1.0 869
1749305115124 1.0 879
1749305116756 0.9375 889
1749305118366 1.0 899
1749305120000 1.0 909
1749305121517 0.75 919
1749305126705 1.0 929
1749305128299 0.9375 939
1749305129948 0.9375 949
1749305131573 0.9375 959
1749305133184 1.0 969
1749305134811 1.0 979
1749305136452 1.0 989
1749305138070 1.0 999
1749305139688 1.0 1009
1749305141315 0.9375 1019
1749305142926 1.0 1029
1749305144551 0.875 1039
1749305146186 0.9375 1049
1749305147821 1.0 1059
1749305149473 1.0 1069
1749305151106 1.0 1079
1749305152746 1.0 1089
1749305154351 1.0 1099
1749305159596 1.0 1109
1749305161230 1.0 1119
1749305162866 1.0 1129
1749305164490 1.0 1139
1749305166121 0.9375 1149
1749305167821 1.0 1159
1749305169458 1.0 1169
1749305171076 1.0 1179
1749305172718 1.0 1189
1749305174338 0.9375 1199
1749305175967 0.875 1209
1749305177612 1.0 1219
1749305179258 1.0 1229
1749305180930 1.0 1239
1749305182568 1.0 1249
1749305184229 1.0 1259
1749305185958 0.9375 1269
1749305187610 1.0 1279
1749305192793 1.0 1289
1749305194431 1.0 1299
1749305196058 0.9375 1309
1749305197681 1.0 1319
1749305199313 1.0 1329
1749305200946 1.0 1339
1749305202570 0.9375 1349
1749305204208 1.0 1359
1749305205846 1.0 1369
1749305207485 1.0 1379
1749305209140 0.9375 1389
1749305210793 1.0 1399
1749305212458 1.0 1409
1749305214113 1.0 1419
1749305215747 1.0 1429
1749305217387 1.0 1439
1749305219045 1.0 1449
1749305220712 0.8125 1459
1749305222314 1.0 1469
1749305227454 1.0 1479
1749305229100 1.0 1489
1749305230733 1.0 1499
1749305232377 1.0 1509
1749305234038 1.0 1519
1749305235711 1.0 1529
1749305237373 1.0 1539
1749305239065 1.0 1549
1749305240724 1.0 1559
1749305242377 1.0 1569
1749305244010 1.0 1579
1749305245957 1.0 1589
1749305247610 1.0 1599
1749305249264 0.9375 1609
1749305250955 1.0 1619
1749305252614 1.0 1629
1749305254292 1.0 1639
1749305255944 1.0 1649
1749305260730 1.0 1659
1749305262365 1.0 1669
1749305264003 1.0 1679
1749305265636 1.0 1689
1749305267291 1.0 1699
1749305268944 1.0 1709
1749305270591 1.0 1719
1749305272243 1.0 1729
1749305273894 0.9375 1739
1749305275552 1.0 1749
1749305277221 1.0 1759
1749305278880 1.0 1769
1749305280538 1.0 1779
1749305282195 1.0 1789
1749305283854 1.0 1799
1749305285516 1.0 1809
1749305287173 1.0 1819
1749305288818 1.0 1829
1749305290354 1.0 1839
1749305295575 1.0 1849
1749305297215 1.0 1859
1749305298860 1.0 1869
1749305300496 1.0 1879
1749305302147 1.0 1889
1749305303827 1.0 1899
1749305305475 1.0 1909
1749305307141 1.0 1919
1749305308806 1.0 1929
1749305310487 0.9375 1939
1749305312148 1.0 1949
1749305313807 0.9375 1959
1749305315463 1.0 1969
1749305317126 1.0 1979
1749305318796 1.0 1989
1749305320448 1.0 1999
1749305322119 0.9375 2009
1749305323739 1.0 2019
1749305328511 1.0 2029
1749305330152 1.0 2039
1749305331802 1.0 2049
1749305333460 1.0 2059
1749305335119 1.0 2069
1749305336795 1.0 2079
1749305338460 0.875 2089
1749305340117 0.9375 2099
1749305341815 0.9375 2109
1749305343481 0.9375 2119
1749305345150 1.0 2129
1749305346875 1.0 2139
1749305348566 0.9375 2149
1749305350211 1.0 2159
1749305351883 1.0 2169
1749305353546 0.9375 2179
1749305355191 0.9375 2189
1749305356858 0.875 2199
1749305361601 1.0 2209
1749305363256 1.0 2219
1749305364916 1.0 2229
1749305366582 1.0 2239
1749305368255 1.0 2249
1749305369978 1.0 2259
1749305371652 1.0 2269
1749305373314 0.9375 2279
1749305374991 0.9375 2289
1749305376658 0.9375 2299
1749305378313 1.0 2309
1749305379979 0.9375 2319
1749305381647 0.9375 2329
1749305383318 1.0 2339
1749305384985 1.0 2349
1749305386652 1.0 2359
1749305388320 1.0 2369
1749305389986 1.0 2379
1749305391609 1.0 2389
1749305396469 1.0 2399
1749305398133 1.0 2409
1749305399783 1.0 2419
1749305401445 1.0 2429
1749305403101 1.0 2439
1749305404764 1.0 2449
1749305406422 1.0 2459
1749305408083 1.0 2469
1749305409753 1.0 2479
1749305411425 1.0 2489
1749305413188 1.0 2499
1749305414865 1.0 2509
1749305416534 1.0 2519
1749305418219 1.0 2529
1749305419900 1.0 2539
1749305421651 1.0 2549
1749305423277 1.0 2559
1749305424879 1.0 2569
1749305429817 0.9375 2579
1749305431549 1.0 2589
1749305433176 1.0 2599
1749305434804 1.0 2609
1749305436454 1.0 2619
1749305438112 1.0 2629
1749305439762 1.0 2639
1749305441423 1.0 2649
1749305443074 1.0 2659
1749305444725 1.0 2669
1749305446379 1.0 2679
1749305448028 1.0 2689
1749305449679 1.0 2699
1749305451324 1.0 2709
1749305452981 1.0 2719
1749305454641 1.0 2729
1749305456248 1.0 2739
1749305457858 1.0 2749
1749305459413 1.0 2759
1749305464579 1.0 2769
1749305466220 1.0 2779
1749305467892 1.0 2789
1749305469561 1.0 2799
1749305471222 1.0 2809
1749305472862 1.0 2819
1749305474519 1.0 2829
1749305476168 0.9375 2839
1749305477813 1.0 2849
1749305479473 0.9375 2859
1749305481130 1.0 2869
1749305482768 1.0 2879
1749305484441 1.0 2889
1749305486142 1.0 2899
1749305487777 1.0 2909
1749305489445 1.0 2919
1749305491112 1.0 2929
1749305492747 1.0 2939
1749305497501 1.0 2949
1749305499175 1.0 2959
1749305500831 0.9375 2969
1749305502509 1.0 2979
1749305504174 0.875 2989
1749305505830 0.9375 2999
1749305507494 1.0 3009
1749305509158 1.0 3019
1749305510819 1.0 3029
1749305512492 0.8125 3039
1749305514152 1.0 3049
1749305515802 1.0 3059
1749305517467 1.0 3069
1749305519133 1.0 3079
1749305520804 1.0 3089
1749305522470 1.0 3099
1749305524172 1.0 3109
1749305525824 0.875 3119
1749305530519 1.0 3129
1749305532153 1.0 3139
1749305533818 1.0 3149
1749305535468 1.0 3159
1749305537132 1.0 3169
1749305538778 1.0 3179
1749305540467 1.0 3189
1749305542121 1.0 3199
1749305543790 1.0 3209
1749305545736 1.0 3219
1749305547405 1.0 3229
1749305549081 1.0 3239
1749305550813 1.0 3249
1749305552502 1.0 3259
1749305554174 0.9375 3269
1749305555835 1.0 3279
1749305557487 1.0 3289
1749305559167 1.0 3299
1749305560836 1.0 3309
1749305565471 1.0 3319
1749305567141 1.0 3329
1749305568824 0.9375 3339
1749305570484 1.0 3349
1749305572178 1.0 3359
1749305573834 1.0 3369
1749305575526 1.0 3379
1749305577197 1.0 3389
1749305578868 1.0 3399
1749305580539 1.0 3409
1749305582229 1.0 3419
1749305583921 1.0 3429
1749305585590 1.0 3439
1749305587258 1.0 3449
1749305588927 1.0 3459
1749305590608 1.0 3469
1749305592266 1.0 3479
1749305593903 1.0 3489
1749305598994 1.0 3499
1749305600715 1.0 3509
1749305602355 1.0 3519
1749305603999 1.0 3529
1749305605633 1.0 3539
1749305607295 1.0 3549
1749305608942 1.0 3559
1749305610628 1.0 3569
1749305612279 1.0 3579
1749305613947 1.0 3589
1749305615613 0.9375 3599
1749305617286 1.0 3609
1749305618947 1.0 3619
1749305620617 1.0 3629
1749305622289 1.0 3639
1749305623939 1.0 3649
1749305625608 1.0 3659
1749305627360 1.0 3669
1749305628943 1.0 3679
1749305634411 1.0 3689
1749305636057 1.0 3699
1749305637785 1.0 3709
1749305639462 1.0 3719
1749305641139 1.0 3729
1749305642825 1.0 3739
1749305644515 1.0 3749
1749305646207 1.0 3759
1749305647890 1.0 3769
1749305649577 1.0 3779
1749305651280 1.0 3789
1749305652982 1.0 3799
1749305654672 1.0 3809
1749305656368 1.0 3819
1749305658052 1.0 3829
1749305659727 1.0 3839
1749305661422 1.0 3849
1749305663076 1.0 3859
1749305668439 1.0 3869
1749305670109 1.0 3879
1749305671803 1.0 3889
1749305673515 1.0 3899
1749305675204 1.0 3909
1749305676887 1.0 3919
1749305678567 1.0 3929
1749305680234 1.0 3939
1749305681909 0.9375 3949
1749305683617 1.0 3959
1749305685291 0.9375 3969
1749305686964 1.0 3979
1749305688663 0.9375 3989
1749305690346 1.0 3999
1749305692047 1.0 4009
1749305693736 0.9375 4019
1749305695419 1.0 4029
1749305697116 1.0 4039
1749305701923 1.0 4049
1749305703636 1.0 4059
1749305705309 1.0 4069
1749305707002 1.0 4079
1749305708686 0.9375 4089
1749305710393 0.9375 4099
1749305712080 1.0 4109
1749305713762 1.0 4119
1749305715470 0.875 4129
1749305717179 1.0 4139
1749305718881 1.0 4149
1749305720566 1.0 4159
1749305722255 1.0 4169
1749305723956 1.0 4179
1749305725650 0.9375 4189
1749305727343 0.9375 4199
1749305729042 0.9375 4209
1749305730767 0.9375 4219
1749305732399 1.0 4229
1749305737323 1.0 4239
1749305739002 1.0 4249
1749305740683 1.0 4259
1749305742354 1.0 4269
1749305744031 1.0 4279
1749305745710 1.0 4289
1749305747395 1.0 4299
1749305749079 1.0 4309
1749305750748 1.0 4319
1749305752446 1.0 4329
1749305754148 1.0 4339
1749305755850 1.0 4349
1749305757567 1.0 4359
1749305759270 1.0 4369
1749305760974 1.0 4379
1749305762670 1.0 4389
1749305764373 1.0 4399
1749305766047 1.0 4409
1749305770875 1.0 4419
1749305772545 0.9375 4429
1749305774238 1.0 4439
1749305775937 1.0 4449
1749305777620 1.0 4459
1749305779291 1.0 4469
1749305781013 1.0 4479
1749305782706 1.0 4489
1749305784405 1.0 4499
1749305786124 1.0 4509
1749305787813 1.0 4519
1749305789508 1.0 4529
1749305791285 1.0 4539
1749305792981 1.0 4549
1749305794665 0.9375 4559
1749305796364 0.9375 4569
1749305798049 1.0 4579
1749305799738 0.9375 4589
1749305801304 1.0 4599
1749305806274 1.0 4609
1749305807976 1.0 4619
1749305809680 1.0 4629
1749305811395 1.0 4639
1749305813109 1.0 4649
1749305814813 1.0 4659
1749305816519 1.0 4669
1749305818244 1.0 4679
1749305819971 1.0 4689
1749305821685 1.0 4699
1749305823400 1.0 4709
1749305825404 1.0 4719
1749305827090 1.0 4729
1749305828804 1.0 4739
1749305830527 1.0 4749
1749305832212 1.0 4759
1749305833912 1.0 4769
1749305835582 1.0 4779
1749305840540 1.0 4789
1749305842251 1.0 4799
1749305843949 1.0 4809
1749305845654 1.0 4819
1749305847343 1.0 4829
1749305849058 1.0 4839
1749305850764 1.0 4849
1749305852461 1.0 4859
1749305854194 1.0 4869
1749305855887 1.0 4879
1749305857583 1.0 4889
1749305859282 1.0 4899
1749305860974 1.0 4909
1749305862656 1.0 4919
1749305864372 1.0 4929
1749305866071 1.0 4939
1749305867760 1.0 4949
1749305869449 1.0 4959
1749305874273 1.0 4969
1749305876011 1.0 4979
1749305877686 1.0 4989
1749305879365 1.0 4999
1749305881041 1.0 5009
1749305882736 1.0 5019
1749305884441 1.0 5029
1749305886133 1.0 5039
1749305887825 1.0 5049
1749305889543 1.0 5059
1749305891246 1.0 5069
1749305892942 1.0 5079
1749305894623 1.0 5089
1749305896338 1.0 5099
1749305898039 1.0 5109
1749305899757 1.0 5119
1749305901467 1.0 5129
1749305903150 1.0 5139
1749305904848 1.0 5149
1749305910221 1.0 5159
1749305911905 1.0 5169
1749305913614 1.0 5179
1749305915332 1.0 5189
1749305917030 1.0 5199
1749305918700 1.0 5209
1749305920391 1.0 5219
1749305922087 1.0 5229
1749305923770 0.9375 5239
1749305925458 1.0 5249
1749305927171 1.0 5259
1749305928871 1.0 5269
1749305930561 1.0 5279
1749305932261 1.0 5289
1749305933958 1.0 5299
1749305935658 1.0 5309
1749305937353 1.0 5319
1749305939091 1.0 5329
1749305944386 1.0 5339
1749305946084 1.0 5349
1749305947754 1.0 5359
1749305949461 1.0 5369
1749305951123 1.0 5379
1749305952773 1.0 5389
1749305954408 1.0 5399
1749305956157 1.0 5409
1749305957833 1.0 5419
1749305959522 1.0 5429
1749305961228 1.0 5439
1749305962888 1.0 5449
1749305964559 1.0 5459
1749305966245 0.9375 5469
1749305967935 0.8125 5479
1749305969612 0.875 5489
1749305971296 0.9375 5499
1749305972980 0.9375 5509
1749305974549 1.0 5519
1749305979628 1.0 5529
1749305981336 0.875 5539
1749305983082 1.0 5549
1749305984790 0.9375 5559
1749305986488 1.0 5569
1749305988181 1.0 5579
1749305989879 1.0 5589
1749305991564 0.9375 5599
1749305993277 1.0 5609
1749305994969 0.9375 5619
1749305996667 1.0 5629
1749305998369 1.0 5639
1749306000062 1.0 5649
1749306001755 0.9375 5659
1749306003440 0.875 5669
1749306005169 0.9375 5679
1749306006871 1.0 5689
1749306008575 1.0 5699
1749306013495 1.0 5709
1749306015235 1.0 5719
1749306016968 1.0 5729
1749306018703 1.0 5739
1749306020470 1.0 5749
1749306022171 1.0 5759
1749306023872 0.9375 5769
1749306025573 1.0 5779
1749306027294 1.0 5789
1749306028995 1.0 5799
1749306030728 1.0 5809
1749306032482 1.0 5819
1749306034225 1.0 5829
1749306035980 1.0 5839
1749306037690 1.0 5849
1749306039400 1.0 5859
1749306041128 1.0 5869
1749306042852 1.0 5879
1749306047794 1.0 5889
1749306049545 1.0 5899
1749306051250 1.0 5909
1749306052957 1.0 5919
1749306054687 1.0 5929
1749306056416 1.0 5939
1749306058127 0.9375 5949
1749306059890 1.0 5959
1749306061619 1.0 5969
1749306063345 1.0 5979
1749306065072 1.0 5989
1749306066789 1.0 5999
1749306068528 1.0 6009
1749306070232 1.0 6019
1749306071967 1.0 6029
1749306073702 1.0 6039
1749306075432 1.0 6049
1749306077185 1.0 6059
1749306078815 0.9375 6069
1749306083793 1.0 6079
1749306085493 1.0 6089
1749306087193 1.0 6099
1749306088890 1.0 6109
1749306090650 1.0 6119
1749306092361 1.0 6129
1749306094067 1.0 6139
1749306095771 1.0 6149
1749306097487 1.0 6159
1749306099200 1.0 6169
1749306100901 1.0 6179
1749306102627 0.9375 6189
1749306104331 1.0 6199
1749306106054 1.0 6209
1749306107776 1.0 6219
1749306109478 1.0 6229
1749306111199 1.0 6239
1749306112899 1.0 6249
1749306118136 1.0 6259
1749306119892 1.0 6269
1749306121602 1.0 6279
1749306123280 1.0 6289
1749306124968 1.0 6299
1749306126664 1.0 6309
1749306128379 1.0 6319
1749306130096 1.0 6329
1749306131796 1.0 6339
1749306133522 1.0 6349
1749306135231 1.0 6359
1749306136959 1.0 6369
1749306138675 1.0 6379
1749306140367 1.0 6389
1749306142070 1.0 6399
1749306143800 1.0 6409
1749306145512 0.9375 6419
1749306147257 1.0 6429
1749306148839 1.0 6439
1749306153833 1.0 6449
1749306155563 1.0 6459
1749306157260 1.0 6469
1749306158969 1.0 6479
1749306160672 1.0 6489
1749306162370 1.0 6499
1749306164059 1.0 6509
1749306165759 1.0 6519
1749306167458 1.0 6529
1749306169148 1.0 6539
1749306170855 1.0 6549
1749306172566 0.9375 6559
1749306174268 1.0 6569
1749306175989 1.0 6579
1749306177685 1.0 6589
1749306179395 1.0 6599
1749306181121 1.0 6609
1749306182826 1.0 6619
1749306187746 1.0 6629
1749306189441 1.0 6639
1749306191143 1.0 6649
1749306192834 1.0 6659
1749306194543 1.0 6669
1749306196256 1.0 6679
1749306197967 1.0 6689
1749306199683 1.0 6699
1749306201396 1.0 6709
1749306203142 1.0 6719
1749306204877 1.0 6729
1749306206571 1.0 6739
1749306208306 1.0 6749
1749306209996 1.0 6759
1749306211710 1.0 6769
1749306213411 1.0 6779
1749306215113 1.0 6789
1749306216816 1.0 6799
1749306221701 1.0 6809
1749306223409 1.0 6819
1749306225176 1.0 6829
1749306226909 0.9375 6839
1749306228637 1.0 6849
1749306230334 1.0 6859
1749306232048 1.0 6869
1749306233751 1.0 6879
1749306235459 1.0 6889
1749306237177 1.0 6899
1749306238891 1.0 6909
1749306240620 1.0 6919
1749306242322 1.0 6929
1749306244041 1.0 6939
1749306245759 1.0 6949
1749306247502 1.0 6959
1749306249227 1.0 6969
1749306250941 1.0 6979
1749306252619 1.0 6989
1749306257499 1.0 6999
1749306259199 1.0 7009
1749306260895 1.0 7019
1749306262585 1.0 7029
1749306264291 1.0 7039
1749306266039 1.0 7049
1749306267740 1.0 7059
1749306269442 1.0 7069
1749306271156 1.0 7079
1749306272881 1.0 7089
1749306274611 1.0 7099
1749306276328 1.0 7109
1749306278052 1.0 7119
1749306279783 1.0 7129
1749306281494 1.0 7139
1749306283219 1.0 7149
1749306284928 1.0 7159
1749306286643 1.0 7169
1749306292075 1.0 7179
1749306293746 1.0 7189
1749306295446 1.0 7199
1749306297142 1.0 7209
1749306298848 1.0 7219
1749306300568 1.0 7229
1749306302269 1.0 7239
1749306303971 1.0 7249
1749306305688 1.0 7259
1749306307400 1.0 7269
1749306309106 1.0 7279
1749306310810 1.0 7289
1749306312515 1.0 7299
1749306314254 1.0 7309
1749306315970 1.0 7319
1749306317681 1.0 7329
1749306319407 1.0 7339
1749306321148 1.0 7349
1749306322708 1.0 7359
1749306327729 1.0 7369
1749306329436 1.0 7379
1749306331144 1.0 7389
1749306332830 1.0 7399
1749306334526 1.0 7409
1749306336215 1.0 7419
1749306337917 1.0 7429
1749306339618 1.0 7439
1749306341317 1.0 7449
1749306343007 1.0 7459
1749306344747 1.0 7469
1749306346449 1.0 7479
1749306348156 1.0 7489
1749306349885 1.0 7499
1749306351606 1.0 7509
1749306353314 1.0 7519
1749306355032 1.0 7529
1749306356716 1.0 7539
1749306362059 1.0 7549
1749306363755 1.0 7559
1749306365452 1.0 7569
1749306367151 1.0 7579
1749306368854 1.0 7589
1749306370576 1.0 7599
1749306372282 1.0 7609
1749306373997 1.0 7619
1749306375688 1.0 7629
1749306377398 1.0 7639
1749306379105 1.0 7649
1749306380801 1.0 7659
1749306382504 1.0 7669
1749306384207 1.0 7679
1749306385928 1.0 7689
1749306387657 1.0 7699
1749306389372 1.0 7709
1749306391096 1.0 7719
1749306396348 1.0 7729
1749306398079 1.0 7739
1749306399785 1.0 7749
1749306401484 1.0 7759
1749306403201 1.0 7769
1749306404903 0.875 7779
1749306406610 1.0 7789
1749306408624 1.0 7799
1749306410340 1.0 7809
1749306412061 1.0 7819
1749306413763 1.0 7829
1749306415478 1.0 7839
1749306417196 1.0 7849
1749306418930 1.0 7859
1749306420649 1.0 7869
1749306422371 0.9375 7879
1749306424099 0.9375 7889
1749306425790 0.875 7899
1749306427462 0.9375 7909
1749306432404 1.0 7919
1749306434142 0.9375 7929
1749306435849 1.0 7939
1749306437564 1.0 7949
1749306439267 1.0 7959
1749306440984 1.0 7969
1749306442695 1.0 7979
1749306444422 1.0 7989
1749306446141 1.0 7999
1749306447859 1.0 8009
1749306449567 1.0 8019
1749306451293 1.0 8029
1749306453014 1.0 8039
1749306454720 1.0 8049
1749306456424 1.0 8059
1749306458113 1.0 8069
1749306459814 1.0 8079
1749306461485 1.0 8089
1749306466366 1.0 8099
1749306468070 1.0 8109
1749306469796 1.0 8119
1749306471488 1.0 8129
1749306473189 1.0 8139
1749306474904 1.0 8149
1749306476618 1.0 8159
1749306478328 1.0 8169
1749306480068 1.0 8179
1749306481759 1.0 8189
1749306483515 1.0 8199
1749306485220 1.0 8209
1749306486916 1.0 8219
1749306488621 0.9375 8229
1749306490337 1.0 8239
1749306492039 1.0 8249
1749306493761 1.0 8259
1749306495474 1.0 8269
1749306497062 1.0 8279
1749306501997 1.0 8289
1749306503715 1.0 8299
1749306505417 1.0 8309
1749306507143 1.0 8319
1749306508856 1.0 8329
1749306510555 1.0 8339
1749306512278 1.0 8349
1749306513989 1.0 8359
1749306515706 1.0 8369
1749306517412 1.0 8379
1749306519116 1.0 8389
1749306520809 1.0 8399
1749306522561 1.0 8409
1749306524264 1.0 8419
1749306525968 1.0 8429
1749306527684 1.0 8439
1749306529378 1.0 8449
1749306531094 1.0 8459
1749306536054 1.0 8469
1749306537745 1.0 8479
1749306539445 1.0 8489
1749306541131 1.0 8499
1749306542834 1.0 8509
1749306544534 1.0 8519
1749306546233 1.0 8529
1749306547923 1.0 8539
1749306549633 1.0 8549
1749306551339 1.0 8559
1749306553043 1.0 8569
1749306554748 1.0 8579
1749306556461 1.0 8589
1749306558189 1.0 8599
1749306559885 1.0 8609
1749306561580 1.0 8619
1749306563278 1.0 8629
1749306564991 0.9375 8639
1749306569971 1.0 8649
1749306571693 1.0 8659
1749306573394 1.0 8669
1749306575109 1.0 8679
1749306576809 1.0 8689
1749306578529 1.0 8699
1749306580213 1.0 8709
1749306581926 1.0 8719
1749306583637 1.0 8729
1749306585349 1.0 8739
1749306587081 1.0 8749
1749306588823 1.0 8759
1749306590518 1.0 8769
1749306592237 1.0 8779
1749306593952 1.0 8789
1749306595645 1.0 8799
1749306597358 1.0 8809
1749306599050 1.0 8819
1749306600728 1.0 8829
1749306605630 1.0 8839
1749306607344 1.0 8849
1749306609041 1.0 8859
1749306610753 1.0 8869
1749306612477 1.0 8879
1749306614186 1.0 8889
1749306615890 1.0 8899
1749306617590 1.0 8909
1749306619289 1.0 8919
1749306621027 1.0 8929
1749306622747 1.0 8939
1749306624452 1.0 8949
1749306626168 1.0 8959
1749306627878 1.0 8969
1749306629594 1.0 8979
1749306631307 1.0 8989
1749306633076 1.0 8999
1749306634783 1.0 9009
1749306639694 1.0 9019
1749306641378 1.0 9029
1749306643080 1.0 9039
1749306644780 1.0 9049
1749306646480 1.0 9059
1749306648179 1.0 9069
1749306649874 1.0 9079
1749306651562 1.0 9089
1749306653253 1.0 9099
1749306654956 1.0 9109
1749306656664 0.9375 9119
1749306658372 1.0 9129
1749306660114 1.0 9139
1749306661826 1.0 9149
1749306663517 1.0 9159
1749306665231 1.0 9169
1749306666937 1.0 9179
1749306668651 1.0 9189
1749306670214 1.0 9199
