1749304963424 0.7202790975570679 9
1749304964913 0.6650524735450745 19
1749304966402 0.6701350212097168 29
1749304967894 0.7068656086921692 39
1749304969388 0.7201420068740845 49
1749304970882 0.5991392731666565 59
1749304972719 0.5228617787361145 69
1749304974219 0.5704010725021362 79
1749304975731 0.4703449010848999 89
1749304977233 0.553203821182251 99
1749304978734 0.4749007821083069 109
1749304980244 0.43280497193336487 119
1749304981752 0.4671168327331543 129
1749304983253 0.36309877038002014 139
1749304984757 0.3567061126232147 149
1749304986274 0.45471611618995667 159
1749304987792 0.4188476800918579 169
1749304989298 0.42340630292892456 179
1749304994355 0.33104372024536133 189
1749304995865 0.2882853150367737 199
1749304997421 0.4210740625858307 209
1749304998959 0.32226723432540894 219
1749305000488 0.3020399212837219 229
1749305002015 0.3545548617839813 239
1749305003550 0.2360573261976242 249
1749305005087 0.3442595899105072 259
1749305006613 0.27601486444473267 269
1749305008180 0.2756942808628082 279
1749305009755 0.2315783053636551 289
1749305011294 0.2579183578491211 299
1749305012854 0.2524113953113556 309
1749305014409 0.35262542963027954 319
1749305015996 0.3523063659667969 329
1749305017579 0.2491334080696106 339
1749305019172 0.23293496668338776 349
1749305020766 0.2829184830188751 359
1749305026460 0.25660091638565063 369
1749305028162 0.3071227967739105 379
1749305029844 0.21607694029808044 389
1749305031539 0.27530989050865173 399
1749305033111 0.21967419981956482 409
1749305034679 0.19165414571762085 419
1749305036248 0.19558583199977875 429
1749305037816 0.1891726851463318 439
1749305039402 0.13831202685832977 449
1749305040974 0.25701960921287537 459
1749305042543 0.17843621969223022 469
1749305044108 0.2830166816711426 479
1749305045698 0.15276214480400085 489
1749305047281 0.14098885655403137 499
1749305048872 0.11085584759712219 509
1749305050464 0.16711094975471497 519
1749305052071 0.22786065936088562 529
1749305053663 0.34289324283599854 539
1749305055193 0.1851710081100464 549
1749305060321 0.2578824758529663 559
1749305061904 0.12070561945438385 569
1749305063466 0.2200084775686264 579
1749305065067 0.2532767057418823 589
1749305066646 0.15585967898368835 599
1749305068213 0.18278340995311737 609
1749305069799 0.12779133021831512 619
1749305071396 0.15173368155956268 629
1749305072987 0.11058896034955978 639
1749305074576 0.10214090347290039 649
1749305076171 0.13118650019168854 659
1749305077808 0.15575146675109863 669
1749305079421 0.1382605880498886 679
1749305081050 0.09750309586524963 689
1749305082642 0.0843844786286354 699
1749305084241 0.12028105556964874 709
1749305085842 0.19069507718086243 719
1749305087433 0.08849731087684631 729
1749305092440 0.14359767735004425 739
1749305094021 0.14871853590011597 749
1749305095601 0.10387162119150162 759
1749305097188 0.23911428451538086 769
1749305098832 0.24632926285266876 779
1749305100491 0.25740373134613037 789
1749305102123 0.15256918966770172 799
1749305103728 0.2144850492477417 809
1749305105320 0.13865917921066284 819
1749305106947 0.1930428445339203 829
1749305108604 0.1641775667667389 839
1749305110217 0.173774853348732 849
1749305111865 0.10480828583240509 859
1749305113479 0.14721675217151642 869
1749305115124 0.11846426129341125 879
1749305116756 0.24302536249160767 889
1749305118366 0.08159083127975464 899
1749305120000 0.11312068998813629 909
1749305121517 0.23431512713432312 919
1749305126705 0.13835987448692322 929
1749305128299 0.12106393277645111 939
1749305129948 0.11567968130111694 949
1749305131573 0.11567658931016922 959
1749305133184 0.11613244563341141 969
1749305134811 0.11945043504238129 979
1749305136452 0.0911681205034256 989
1749305138070 0.07744840532541275 999
1749305139688 0.1101708859205246 1009
1749305141315 0.2507022023200989 1019
1749305142926 0.18505623936653137 1029
1749305144551 0.2042485624551773 1039
1749305146186 0.13637322187423706 1049
1749305147821 0.1459023356437683 1059
1749305149473 0.16864171624183655 1069
1749305151106 0.17538060247898102 1079
1749305152746 0.0670323297381401 1089
1749305154351 0.09721371531486511 1099
1749305159596 0.09085378795862198 1109
1749305161230 0.0860530436038971 1119
1749305162866 0.13994231820106506 1129
1749305164490 0.05651227757334709 1139
1749305166121 0.1279100775718689 1149
1749305167821 0.19648748636245728 1159
1749305169458 0.041588202118873596 1169
1749305171076 0.22067613899707794 1179
1749305172718 0.1010824590921402 1189
1749305174338 0.33532679080963135 1199
1749305175967 0.09709850698709488 1209
1749305177612 0.18036311864852905 1219
1749305179258 0.060226306319236755 1229
1749305180930 0.0787661224603653 1239
1749305182568 0.042770229279994965 1249
1749305184229 0.11610931903123856 1259
1749305185958 0.17518900334835052 1269
1749305187610 0.09228737652301788 1279
1749305192793 0.09044338762760162 1289
1749305194431 0.08573789894580841 1299
1749305196058 0.08281698822975159 1309
1749305197681 0.0712268054485321 1319
1749305199313 0.07604646682739258 1329
1749305200946 0.05522945895791054 1339
1749305202570 0.05539645254611969 1349
1749305204208 0.0885467603802681 1359
1749305205846 0.046946652233600616 1369
1749305207485 0.08525453507900238 1379
1749305209140 0.05488903820514679 1389
1749305210793 0.0825023427605629 1399
1749305212458 0.04900410771369934 1409
1749305214113 0.04048241302371025 1419
1749305215747 0.08983327448368073 1429
1749305217387 0.0678960531949997 1439
1749305219045 0.09427852183580399 1449
1749305220712 0.18448039889335632 1459
1749305222314 0.06386939436197281 1469
1749305227454 0.06533865630626678 1479
1749305229100 0.10750630497932434 1489
1749305230733 0.05630536377429962 1499
1749305232377 0.06253402680158615 1509
1749305234038 0.06316635012626648 1519
1749305235711 0.04782264679670334 1529
1749305237373 0.03364347666501999 1539
1749305239065 0.06530791521072388 1549
1749305240724 0.0577993281185627 1559
1749305242377 0.06528500467538834 1569
1749305244010 0.045644473284482956 1579
1749305245957 0.026940442621707916 1589
1749305247610 0.06575535237789154 1599
1749305249264 0.13039955496788025 1609
1749305250955 0.08471371233463287 1619
1749305252614 0.05477278679609299 1629
1749305254292 0.06800656020641327 1639
1749305255944 0.07284989953041077 1649
1749305260730 0.09854719042778015 1659
1749305262365 0.052872199565172195 1669
1749305264003 0.062353938817977905 1679
1749305265636 0.059834808111190796 1689
1749305267291 0.03843427076935768 1699
1749305268944 0.06326361745595932 1709
1749305270591 0.0307232066988945 1719
1749305272243 0.06265564262866974 1729
1749305273894 0.06950129568576813 1739
1749305275552 0.030761249363422394 1749
1749305277221 0.03798004612326622 1759
1749305278880 0.11597968637943268 1769
1749305280538 0.11283603310585022 1779
1749305282195 0.061612315475940704 1789
1749305283854 0.03634543716907501 1799
1749305285516 0.03819592297077179 1809
1749305287173 0.08189776539802551 1819
1749305288818 0.14568419754505157 1829
1749305290354 0.06894645094871521 1839
1749305295575 0.026690687984228134 1849
1749305297215 0.03929676115512848 1859
1749305298860 0.041783127933740616 1869
1749305300496 0.0319596603512764 1879
1749305302147 0.039915602654218674 1889
1749305303827 0.022016331553459167 1899
1749305305475 0.0646166205406189 1909
1749305307141 0.12088057398796082 1919
1749305308806 0.10228779911994934 1929
1749305310487 0.1693873256444931 1939
1749305312148 0.05357849597930908 1949
1749305313807 0.2721847891807556 1959
1749305315463 0.07176916301250458 1969
1749305317126 0.055021531879901886 1979
1749305318796 0.08149324357509613 1989
1749305320448 0.07023592293262482 1999
1749305322119 0.22051380574703217 2009
1749305323739 0.11071771383285522 2019
1749305328511 0.10381391644477844 2029
1749305330152 0.07658033818006516 2039
1749305331802 0.0763406902551651 2049
1749305333460 0.11538685858249664 2059
1749305335119 0.09298652410507202 2069
1749305336795 0.07266856729984283 2079
1749305338460 0.1540016233921051 2089
1749305340117 0.17144319415092468 2099
1749305341815 0.14723467826843262 2109
1749305343481 0.20091521739959717 2119
1749305345150 0.20978495478630066 2129
1749305346875 0.0701296254992485 2139
1749305348566 0.08615844696760178 2149
1749305350211 0.100918710231781 2159
1749305351883 0.10151257365942001 2169
1749305353546 0.12015707045793533 2179
1749305355191 0.2210506945848465 2189
1749305356858 0.13642364740371704 2199
1749305361601 0.09813988208770752 2209
1749305363256 0.06632180511951447 2219
1749305364916 0.08213114738464355 2229
1749305366582 0.07153525948524475 2239
1749305368255 0.10473554581403732 2249
1749305369978 0.1071842685341835 2259
1749305371652 0.08465509861707687 2269
1749305373314 0.1795729696750641 2279
1749305374991 0.18175388872623444 2289
1749305376658 0.06654158234596252 2299
1749305378313 0.06480688601732254 2309
1749305379979 0.12025574594736099 2319
1749305381647 0.1171918734908104 2329
1749305383318 0.05888497829437256 2339
1749305384985 0.04966534674167633 2349
1749305386652 0.05937166512012482 2359
1749305388320 0.12120719254016876 2369
1749305389986 0.06858361512422562 2379
1749305391609 0.0751158818602562 2389
1749305396469 0.06150089204311371 2399
1749305398133 0.03893953189253807 2409
1749305399783 0.05170438438653946 2419
1749305401445 0.13672003149986267 2429
1749305403101 0.10482075065374374 2439
1749305404764 0.03318189084529877 2449
1749305406422 0.03892054036259651 2459
1749305408083 0.06990951299667358 2469
1749305409753 0.03137284517288208 2479
1749305411425 0.028203263878822327 2489
1749305413188 0.05672154575586319 2499
1749305414865 0.03426718711853027 2509
1749305416534 0.02781505137681961 2519
1749305418219 0.017570171505212784 2529
1749305419900 0.10866421461105347 2539
1749305421651 0.09700599312782288 2549
1749305423277 0.040381625294685364 2559
1749305424879 0.02013060450553894 2569
1749305429817 0.07301874458789825 2579
1749305431549 0.046125512570142746 2589
1749305433176 0.07060487568378448 2599
1749305434804 0.04554808884859085 2609
1749305436454 0.05916329845786095 2619
1749305438112 0.08473954349756241 2629
1749305439762 0.028985677286982536 2639
1749305441423 0.031199920922517776 2649
1749305443074 0.053491830825805664 2659
1749305444725 0.02149048075079918 2669
1749305446379 0.06554427742958069 2679
1749305448028 0.020993486046791077 2689
1749305449679 0.03420467674732208 2699
1749305451324 0.06420308351516724 2709
1749305452981 0.026089783757925034 2719
1749305454641 0.022748112678527832 2729
1749305456248 0.07679809629917145 2739
1749305457858 0.060724154114723206 2749
1749305459413 0.08162151277065277 2759
1749305464579 0.04014136642217636 2769
1749305466220 0.031102728098630905 2779
1749305467892 0.025535348802804947 2789
1749305469561 0.028932679444551468 2799
1749305471222 0.024510079994797707 2809
1749305472862 0.07772406935691833 2819
1749305474519 0.027186114341020584 2829
1749305476168 0.06567534804344177 2839
1749305477813 0.016045529395341873 2849
1749305479473 0.05965647101402283 2859
1749305481130 0.06016094237565994 2869
1749305482768 0.019945185631513596 2879
1749305484441 0.06856484711170197 2889
1749305486142 0.024174708873033524 2899
1749305487777 0.09143492579460144 2909
1749305489445 0.027303513139486313 2919
1749305491112 0.11411504447460175 2929
1749305492747 0.07207979261875153 2939
1749305497501 0.052127655595541 2949
1749305499175 0.04436381533741951 2959
1749305500831 0.08675197511911392 2969
1749305502509 0.12449164688587189 2979
1749305504174 0.1620408147573471 2989
1749305505830 0.2141876369714737 2999
1749305507494 0.03355488181114197 3009
1749305509158 0.037620387971401215 3019
1749305510819 0.05009842291474342 3029
1749305512492 0.14100882411003113 3039
1749305514152 0.11516203731298447 3049
1749305515802 0.027421247214078903 3059
1749305517467 0.03577752783894539 3069
1749305519133 0.024783067405223846 3079
1749305520804 0.06100034341216087 3089
1749305522470 0.07418956607580185 3099
1749305524172 0.024502620100975037 3109
1749305525824 0.10226581245660782 3119
1749305530519 0.04309205710887909 3129
1749305532153 0.05991831049323082 3139
1749305533818 0.034895770251750946 3149
1749305535468 0.058482661843299866 3159
1749305537132 0.05371867120265961 3169
1749305538778 0.027197340503335 3179
1749305540467 0.024748407304286957 3189
1749305542121 0.05744102597236633 3199
1749305543790 0.06018223240971565 3209
1749305545736 0.053509797900915146 3219
1749305547405 0.1186467707157135 3229
1749305549081 0.03437327221035957 3239
1749305550813 0.02990534156560898 3249
1749305552502 0.01993449777364731 3259
1749305554174 0.06348831951618195 3269
1749305555835 0.02524944394826889 3279
1749305557487 0.03162091225385666 3289
1749305559167 0.060089219361543655 3299
1749305560836 0.02002876251935959 3309
1749305565471 0.028881143778562546 3319
1749305567141 0.051776111125946045 3329
1749305568824 0.11472097039222717 3339
1749305570484 0.03110707551240921 3349
1749305572178 0.04135777801275253 3359
1749305573834 0.027687620371580124 3369
1749305575526 0.062234245240688324 3379
1749305577197 0.021388843655586243 3389
1749305578868 0.06689803302288055 3399
1749305580539 0.03802679851651192 3409
1749305582229 0.02311953902244568 3419
1749305583921 0.021640848368406296 3429
1749305585590 0.07515372335910797 3439
1749305587258 0.04019039496779442 3449
1749305588927 0.024440152570605278 3459
1749305590608 0.015109952539205551 3469
1749305592266 0.013540469110012054 3479
1749305593903 0.02500303089618683 3489
1749305598994 0.01727874018251896 3499
1749305600715 0.011234849691390991 3509
1749305602355 0.016703851521015167 3519
1749305603999 0.012273792177438736 3529
1749305605633 0.016070207580924034 3539
1749305607295 0.011495254933834076 3549
1749305608942 0.010650485754013062 3559
1749305610628 0.014404095709323883 3569
1749305612279 0.010003805160522461 3579
1749305613947 0.015171278268098831 3589
1749305615613 0.08196257054805756 3599
1749305617286 0.013896077871322632 3609
1749305618947 0.02441796287894249 3619
1749305620617 0.011950802057981491 3629
1749305622289 0.024425489827990532 3639
1749305623939 0.029498238116502762 3649
1749305625608 0.018722746521234512 3659
1749305627360 0.012776998803019524 3669
1749305628943 0.0631190687417984 3679
1749305634411 0.043902672827243805 3689
1749305636057 0.008968310430645943 3699
1749305637785 0.017455007880926132 3709
1749305639462 0.012604743242263794 3719
1749305641139 0.015807632356882095 3729
1749305642825 0.013236720114946365 3739
1749305644515 0.009281806647777557 3749
1749305646207 0.01138618215918541 3759
1749305647890 0.014791008085012436 3769
1749305649577 0.01680145040154457 3779
1749305651280 0.03169630095362663 3789
1749305652982 0.014397360384464264 3799
1749305654672 0.011495564132928848 3809
1749305656368 0.01000087708234787 3819
1749305658052 0.05266276374459267 3829
1749305659727 0.010892767459154129 3839
1749305661422 0.042167969048023224 3849
1749305663076 0.011091481894254684 3859
1749305668439 0.012005828320980072 3869
1749305670109 0.012223359197378159 3879
1749305671803 0.01171838492155075 3889
1749305673515 0.07556623220443726 3899
1749305675204 0.011859551072120667 3909
1749305676887 0.009519390761852264 3919
1749305678567 0.030589144676923752 3929
1749305680234 0.013462580740451813 3939
1749305681909 0.04944396764039993 3949
1749305683617 0.02677169255912304 3959
1749305685291 0.024314478039741516 3969
1749305686964 0.027380913496017456 3979
1749305688663 0.11704230308532715 3989
1749305690346 0.06379464268684387 3999
1749305692047 0.05351635068655014 4009
1749305693736 0.11312173306941986 4019
1749305695419 0.05127999931573868 4029
1749305697116 0.04098162800073624 4039
1749305701923 0.10203322768211365 4049
1749305703636 0.05127186328172684 4059
1749305705309 0.134189173579216 4069
1749305707002 0.18835577368736267 4079
1749305708686 0.21338818967342377 4089
1749305710393 0.19411180913448334 4099
1749305712080 0.19955980777740479 4109
1749305713762 0.187993124127388 4119
1749305715470 0.1493852436542511 4129
1749305717179 0.10468883812427521 4139
1749305718881 0.17193928360939026 4149
1749305720566 0.03775474429130554 4159
1749305722255 0.06596726924180984 4169
1749305723956 0.060982055962085724 4179
1749305725650 0.1995498687028885 4189
1749305727343 0.09803278744220734 4199
1749305729042 0.15056172013282776 4209
1749305730767 0.14235372841358185 4219
1749305732399 0.0801917016506195 4229
1749305737323 0.034048277884721756 4239
1749305739002 0.03737901523709297 4249
1749305740683 0.17712292075157166 4259
1749305742354 0.06786157190799713 4269
1749305744031 0.022725284099578857 4279
1749305745710 0.06359651684761047 4289
1749305747395 0.029349805787205696 4299
1749305749079 0.05043056234717369 4309
1749305750748 0.03359998017549515 4319
1749305752446 0.024123240262269974 4329
1749305754148 0.03776155412197113 4339
1749305755850 0.02645621821284294 4349
1749305757567 0.02145254984498024 4359
1749305759270 0.015314988791942596 4369
1749305760974 0.08481179922819138 4379
1749305762670 0.021211083978414536 4389
1749305764373 0.03832288831472397 4399
1749305766047 0.05570698529481888 4409
1749305770875 0.02346305176615715 4419
1749305772545 0.04871974512934685 4429
1749305774238 0.07685671746730804 4439
1749305775937 0.011044766753911972 4449
1749305777620 0.025384627282619476 4459
1749305779291 0.022702867165207863 4469
1749305781013 0.02585366740822792 4479
1749305782706 0.03240658715367317 4489
1749305784405 0.038202084600925446 4499
1749305786124 0.021003328263759613 4509
1749305787813 0.09538295120000839 4519
1749305789508 0.031161721795797348 4529
1749305791285 0.057244908064603806 4539
1749305792981 0.011264648288488388 4549
1749305794665 0.037216998636722565 4559
1749305796364 0.033888302743434906 4569
1749305798049 0.06136144697666168 4579
1749305799738 0.06669571995735168 4589
1749305801304 0.01053708791732788 4599
1749305806274 0.07583171874284744 4609
1749305807976 0.016809530556201935 4619
1749305809680 0.0383119098842144 4629
1749305811395 0.027828462421894073 4639
1749305813109 0.05668824911117554 4649
1749305814813 0.0550803616642952 4659
1749305816519 0.029570631682872772 4669
1749305818244 0.018692048266530037 4679
1749305819971 0.014704819768667221 4689
1749305821685 0.01400047168135643 4699
1749305823400 0.04071520268917084 4709
1749305825404 0.02930757775902748 4719
1749305827090 0.06228961423039436 4729
1749305828804 0.012125462293624878 4739
1749305830527 0.019392598420381546 4749
1749305832212 0.03214121609926224 4759
1749305833912 0.017960697412490845 4769
1749305835582 0.010042265057563782 4779
1749305840540 0.02978130429983139 4789
1749305842251 0.03056173399090767 4799
1749305843949 0.010791882872581482 4809
1749305845654 0.02294906973838806 4819
1749305847343 0.011500179767608643 4829
1749305849058 0.017847806215286255 4839
1749305850764 0.023462895303964615 4849
1749305852461 0.008071813732385635 4859
1749305854194 0.012293413281440735 4869
1749305855887 0.02069418877363205 4879
1749305857583 0.02144472487270832 4889
1749305859282 0.015703462064266205 4899
1749305860974 0.011551782488822937 4909
1749305862656 0.02358502335846424 4919
1749305864372 0.02504151314496994 4929
1749305866071 0.011366765946149826 4939
1749305867760 0.016767367720603943 4949
1749305869449 0.01892908103764057 4959
1749305874273 0.018871210515499115 4969
1749305876011 0.010875996202230453 4979
1749305877686 0.020478611811995506 4989
1749305879365 0.032309409230947495 4999
1749305881041 0.00824521854519844 5009
1749305882736 0.007085535675287247 5019
1749305884441 0.00876002386212349 5029
1749305886133 0.04487666115164757 5039
1749305887825 0.00920652225613594 5049
1749305889543 0.008394844830036163 5059
1749305891246 0.006561558693647385 5069
1749305892942 0.006920885294675827 5079
1749305894623 0.008433502167463303 5089
1749305896338 0.00611148402094841 5099
1749305898039 0.02172723598778248 5109
1749305899757 0.011614665389060974 5119
1749305901467 0.009363912045955658 5129
1749305903150 0.029492836445569992 5139
1749305904848 0.01515142247080803 5149
1749305910221 0.007474914193153381 5159
1749305911905 0.006423451006412506 5169
1749305913614 0.011978473514318466 5179
1749305915332 0.006030995398759842 5189
1749305917030 0.02802734449505806 5199
1749305918700 0.0058549679815769196 5209
1749305920391 0.005183536559343338 5219
1749305922087 0.005486790090799332 5229
1749305923770 0.07890842854976654 5239
1749305925458 0.0070137567818164825 5249
1749305927171 0.0214686281979084 5259
1749305928871 0.005314670503139496 5269
1749305930561 0.007713276892900467 5279
1749305932261 0.004838418215513229 5289
1749305933958 0.009824197739362717 5299
1749305935658 0.008900508284568787 5309
1749305937353 0.007388461381196976 5319
1749305939091 0.007783684879541397 5329
1749305944386 0.0044693127274513245 5339
1749305946084 0.004445519298315048 5349
1749305947754 0.014349600300192833 5359
1749305949461 0.009205479174852371 5369
1749305951123 0.0072369761765003204 5379
1749305952773 0.03155352175235748 5389
1749305954408 0.013976465910673141 5399
1749305956157 0.015114117413759232 5409
1749305957833 0.016255326569080353 5419
1749305959522 0.06337568163871765 5429
1749305961228 0.09686131775379181 5439
1749305962888 0.21196220815181732 5449
1749305964559 0.11589135229587555 5459
1749305966245 0.062472496181726456 5469
1749305967935 0.3578055202960968 5479
1749305969612 0.14288172125816345 5489
1749305971296 0.1459796130657196 5499
1749305972980 0.09155519306659698 5509
1749305974549 0.21598327159881592 5519
1749305979628 0.04649411886930466 5529
1749305981336 0.07493582367897034 5539
1749305983082 0.052131228148937225 5549
1749305984790 0.11202766746282578 5559
1749305986488 0.08832904696464539 5569
1749305988181 0.043054524809122086 5579
1749305989879 0.07897809892892838 5589
1749305991564 0.08007599413394928 5599
1749305993277 0.029980920255184174 5609
1749305994969 0.0961204469203949 5619
1749305996667 0.13669295608997345 5629
1749305998369 0.06563051044940948 5639
1749306000062 0.025408942252397537 5649
1749306001755 0.09567300975322723 5659
1749306003440 0.06896279752254486 5669
1749306005169 0.03976817429065704 5679
1749306006871 0.09925219416618347 5689
1749306008575 0.025628693401813507 5699
1749306013495 0.04917171597480774 5709
1749306015235 0.0362379364669323 5719
1749306016968 0.03895972669124603 5729
1749306018703 0.03818134963512421 5739
1749306020470 0.10928015410900116 5749
1749306022171 0.03675372526049614 5759
1749306023872 0.1496712565422058 5769
1749306025573 0.07277581095695496 5779
1749306027294 0.08227261900901794 5789
1749306028995 0.027807235717773438 5799
1749306030728 0.030370812863111496 5809
1749306032482 0.09291420876979828 5819
1749306034225 0.017211224883794785 5829
1749306035980 0.06357704848051071 5839
1749306037690 0.03785630315542221 5849
1749306039400 0.016062431037425995 5859
1749306041128 0.040289029479026794 5869
1749306042852 0.0205001849681139 5879
1749306047794 0.024938274174928665 5889
1749306049545 0.02949429675936699 5899
1749306051250 0.03324213624000549 5909
1749306052957 0.01961980015039444 5919
1749306054687 0.032314468175172806 5929
1749306056416 0.07090341299772263 5939
1749306058127 0.017936650663614273 5949
1749306059890 0.06293684244155884 5959
1749306061619 0.015752051025629044 5969
1749306063345 0.010963104665279388 5979
1749306065072 0.010648682713508606 5989
1749306066789 0.027174130082130432 5999
1749306068528 0.014531079679727554 6009
1749306070232 0.022162027657032013 6019
1749306071967 0.01117558404803276 6029
1749306073702 0.018340039998292923 6039
1749306075432 0.028441887348890305 6049
1749306077185 0.03847995027899742 6059
1749306078815 0.03761018440127373 6069
1749306083793 0.012614056468009949 6079
1749306085493 0.013919580727815628 6089
1749306087193 0.04968268424272537 6099
1749306088890 0.01898745447397232 6109
1749306090650 0.008773863315582275 6119
1749306092361 0.01423681154847145 6129
1749306094067 0.008032791316509247 6139
1749306095771 0.01109398528933525 6149
1749306097487 0.01635555550456047 6159
1749306099200 0.046475447714328766 6169
1749306100901 0.048357926309108734 6179
1749306102627 0.03551503270864487 6189
1749306104331 0.011195108294487 6199
1749306106054 0.01805330440402031 6209
1749306107776 0.005663473159074783 6219
1749306109478 0.012114506214857101 6229
1749306111199 0.010272491723299026 6239
1749306112899 0.012094147503376007 6249
1749306118136 0.023197457194328308 6259
1749306119892 0.013187546283006668 6269
1749306121602 0.0627189427614212 6279
1749306123280 0.009079284965991974 6289
1749306124968 0.028669405728578568 6299
1749306126664 0.015711892396211624 6309
1749306128379 0.01148241013288498 6319
1749306130096 0.006963908672332764 6329
1749306131796 0.008362110704183578 6339
1749306133522 0.019776035100221634 6349
1749306135231 0.014764837920665741 6359
1749306136959 0.006927654147148132 6369
1749306138675 0.008899424225091934 6379
1749306140367 0.04161100834608078 6389
1749306142070 0.010362371802330017 6399
1749306143800 0.008099190890789032 6409
1749306145512 0.048512596637010574 6419
1749306147257 0.01672275736927986 6429
1749306148839 0.010420307517051697 6439
1749306153833 0.01835431531071663 6449
1749306155563 0.03793364763259888 6459
1749306157260 0.011757425963878632 6469
1749306158969 0.00827949121594429 6479
1749306160672 0.012073222547769547 6489
1749306162370 0.03515738993883133 6499
1749306164059 0.011833824217319489 6509
1749306165759 0.005620680749416351 6519
1749306167458 0.0051917023956775665 6529
1749306169148 0.045857757329940796 6539
1749306170855 0.013835430145263672 6549
1749306172566 0.0337408110499382 6559
1749306174268 0.007248081266880035 6569
1749306175989 0.008810464292764664 6579
1749306177685 0.027321822941303253 6589
1749306179395 0.10692045092582703 6599
1749306181121 0.02691716141998768 6609
1749306182826 0.02734513022005558 6619
1749306187746 0.015103738754987717 6629
1749306189441 0.01723667047917843 6639
1749306191143 0.038244131952524185 6649
1749306192834 0.010260354727506638 6659
1749306194543 0.009494666010141373 6669
1749306196256 0.017921488732099533 6679
1749306197967 0.009620215743780136 6689
1749306199683 0.012240070849657059 6699
1749306201396 0.016148626804351807 6709
1749306203142 0.026380188763141632 6719
1749306204877 0.009089801460504532 6729
1749306206571 0.017109602689743042 6739
1749306208306 0.05901116877794266 6749
1749306209996 0.011751005426049232 6759
1749306211710 0.014435864984989166 6769
1749306213411 0.015037499368190765 6779
1749306215113 0.00985034927725792 6789
1749306216816 0.0092264823615551 6799
1749306221701 0.006799701601266861 6809
1749306223409 0.053864650428295135 6819
1749306225176 0.009028736501932144 6829
1749306226909 0.11787117272615433 6839
1749306228637 0.012508098036050797 6849
1749306230334 0.011199016124010086 6859
1749306232048 0.008285488933324814 6869
1749306233751 0.009996529668569565 6879
1749306235459 0.00817008689045906 6889
1749306237177 0.036021288484334946 6899
1749306238891 0.007441964000463486 6909
1749306240620 0.007943660020828247 6919
1749306242322 0.00809086486697197 6929
1749306244041 0.015627000480890274 6939
1749306245759 0.007424440234899521 6949
1749306247502 0.00634075328707695 6959
1749306249227 0.01036074012517929 6969
1749306250941 0.008123282343149185 6979
1749306252619 0.007330942898988724 6989
1749306257499 0.013104245066642761 6999
1749306259199 0.03304121270775795 7009
1749306260895 0.03088364750146866 7019
1749306262585 0.006277177482843399 7029
1749306264291 0.029301287606358528 7039
1749306266039 0.0063199736177921295 7049
1749306267740 0.009206738322973251 7059
1749306269442 0.005067463964223862 7069
1749306271156 0.007167637348175049 7079
1749306272881 0.004363648593425751 7089
1749306274611 0.008969537913799286 7099
1749306276328 0.006151173263788223 7109
1749306278052 0.009677000343799591 7119
1749306279783 0.003745581954717636 7129
1749306281494 0.004428032785654068 7139
1749306283219 0.005605984479188919 7149
1749306284928 0.007305648177862167 7159
1749306286643 0.0049833208322525024 7169
1749306292075 0.007207158952951431 7179
1749306293746 0.004451103508472443 7189
1749306295446 0.004035193473100662 7199
1749306297142 0.026828942820429802 7209
1749306298848 0.0037780366837978363 7219
1749306300568 0.004668977111577988 7229
1749306302269 0.007722150534391403 7239
1749306303971 0.00848839059472084 7249
1749306305688 0.006446339190006256 7259
1749306307400 0.005037687718868256 7269
1749306309106 0.004063606262207031 7279
1749306310810 0.022877708077430725 7289
1749306312515 0.0029428713023662567 7299
1749306314254 0.005671977996826172 7309
1749306315970 0.0032256022095680237 7319
1749306317681 0.003152124583721161 7329
1749306319407 0.0057063475251197815 7339
1749306321148 0.005628768354654312 7349
1749306322708 0.012333877384662628 7359
1749306327729 0.0026139244437217712 7369
1749306329436 0.004482205957174301 7379
1749306331144 0.004032637923955917 7389
1749306332830 0.0032470524311065674 7399
1749306334526 0.003401242196559906 7409
1749306336215 0.006866518408060074 7419
1749306337917 0.0025218315422534943 7429
1749306339618 0.003133922815322876 7439
1749306341317 0.006332222372293472 7449
1749306343007 0.0024904049932956696 7459
1749306344747 0.0029306672513484955 7469
1749306346449 0.0027934983372688293 7479
1749306348156 0.002155739814043045 7489
1749306349885 0.004452664405107498 7499
1749306351606 0.006001506000757217 7509
1749306353314 0.0025295093655586243 7519
1749306355032 0.0027530640363693237 7529
1749306356716 0.0036334432661533356 7539
1749306362059 0.0031923502683639526 7549
1749306363755 0.0028182268142700195 7559
1749306365452 0.0030524171888828278 7569
1749306367151 0.005012631416320801 7579
1749306368854 0.003388594835996628 7589
1749306370576 0.0027737170457839966 7599
1749306372282 0.018205689266324043 7609
1749306373997 0.003087390214204788 7619
1749306375688 0.003569934517145157 7629
1749306377398 0.0034829899668693542 7639
1749306379105 0.002134721726179123 7649
1749306380801 0.002858370542526245 7659
1749306382504 0.002289816737174988 7669
1749306384207 0.007628090679645538 7679
1749306385928 0.0021026544272899628 7689
1749306387657 0.0026878975331783295 7699
1749306389372 0.0022345781326293945 7709
1749306391096 0.0023235641419887543 7719
1749306396348 0.0022001415491104126 7729
1749306398079 0.009828299283981323 7739
1749306399785 0.0032519400119781494 7749
1749306401484 0.002738960087299347 7759
1749306403201 0.010409828275442123 7769
1749306404903 0.02462908811867237 7779
1749306406610 0.014074429869651794 7789
1749306408624 0.03334217146039009 7799
1749306410340 0.027818508446216583 7809
1749306412061 0.11046949028968811 7819
1749306413763 0.10076767951250076 7829
1749306415478 0.1289139986038208 7839
1749306417196 0.12709461152553558 7849
1749306418930 0.09411390125751495 7859
1749306420649 0.21408411860466003 7869
1749306422371 0.15648750960826874 7879
1749306424099 0.19312474131584167 7889
1749306425790 0.15494418144226074 7899
1749306427462 0.17520424723625183 7909
1749306432404 0.22173768281936646 7919
1749306434142 0.1500215232372284 7929
1749306435849 0.13341641426086426 7939
1749306437564 0.119972363114357 7949
1749306439267 0.06922149658203125 7959
1749306440984 0.12089676409959793 7969
1749306442695 0.13030414283275604 7979
1749306444422 0.09356458485126495 7989
1749306446141 0.09438261389732361 7999
1749306447859 0.052283577620983124 8009
1749306449567 0.03417963534593582 8019
1749306451293 0.07823021709918976 8029
1749306453014 0.12253391742706299 8039
1749306454720 0.04744453728199005 8049
1749306456424 0.046301551163196564 8059
1749306458113 0.08494679629802704 8069
1749306459814 0.025864839553833008 8079
1749306461485 0.04491680860519409 8089
1749306466366 0.04335392639040947 8099
1749306468070 0.0346902571618557 8109
1749306469796 0.03726333752274513 8119
1749306471488 0.07425567507743835 8129
1749306473189 0.030126485973596573 8139
1749306474904 0.029513346031308174 8149
1749306476618 0.025075379759073257 8159
1749306478328 0.046332020312547684 8169
1749306480068 0.03984437510371208 8179
1749306481759 0.03626043722033501 8189
1749306483515 0.08619475364685059 8199
1749306485220 0.015589144080877304 8209
1749306486916 0.029569268226623535 8219
1749306488621 0.08566516637802124 8229
1749306490337 0.02330027148127556 8239
1749306492039 0.015395928174257278 8249
1749306493761 0.05662907287478447 8259
1749306495474 0.046278126537799835 8269
1749306497062 0.07049884647130966 8279
1749306501997 0.04667195677757263 8289
1749306503715 0.03934244066476822 8299
1749306505417 0.023222288116812706 8309
1749306507143 0.016802862286567688 8319
1749306508856 0.008659616112709045 8329
1749306510555 0.05100233107805252 8339
1749306512278 0.017855707556009293 8349
1749306513989 0.056509241461753845 8359
1749306515706 0.009275954216718674 8369
1749306517412 0.010304439812898636 8379
1749306519116 0.010472506284713745 8389
1749306520809 0.022595003247261047 8399
1749306522561 0.010616600513458252 8409
1749306524264 0.010065678507089615 8419
1749306525968 0.022460471838712692 8429
1749306527684 0.011327274143695831 8439
1749306529378 0.024338919669389725 8449
1749306531094 0.010000351816415787 8459
1749306536054 0.008913114666938782 8469
1749306537745 0.04230213165283203 8479
1749306539445 0.009680002927780151 8489
1749306541131 0.010583125054836273 8499
1749306542834 0.04787866771221161 8509
1749306544534 0.008999686688184738 8519
1749306546233 0.008250676095485687 8529
1749306547923 0.010184291750192642 8539
1749306549633 0.00866205245256424 8549
1749306551339 0.010246645659208298 8559
1749306553043 0.004722308367490768 8569
1749306554748 0.007205992937088013 8579
1749306556461 0.050988610833883286 8589
1749306558189 0.006196919828653336 8599
1749306559885 0.011800676584243774 8609
1749306561580 0.006277088075876236 8619
1749306563278 0.005973115563392639 8629
1749306564991 0.07855463027954102 8639
1749306569971 0.00901024043560028 8649
1749306571693 0.008458144962787628 8659
1749306573394 0.06052789464592934 8669
1749306575109 0.008095674216747284 8679
1749306576809 0.027971360832452774 8689
1749306578529 0.006229940801858902 8699
1749306580213 0.006843142211437225 8709
1749306581926 0.018060892820358276 8719
1749306583637 0.013380557298660278 8729
1749306585349 0.007280662655830383 8739
1749306587081 0.006757330149412155 8749
1749306588823 0.029215969145298004 8759
1749306590518 0.02573579177260399 8769
1749306592237 0.006634257733821869 8779
1749306593952 0.005294427275657654 8789
1749306595645 0.006468150764703751 8799
1749306597358 0.011310867965221405 8809
1749306599050 0.009829305112361908 8819
1749306600728 0.0069851502776145935 8829
1749306605630 0.006575729697942734 8839
1749306607344 0.006489422172307968 8849
1749306609041 0.013465683907270432 8859
1749306610753 0.006106570363044739 8869
1749306612477 0.004877988249063492 8879
1749306614186 0.008716493844985962 8889
1749306615890 0.008569877594709396 8899
1749306617590 0.02665838971734047 8909
1749306619289 0.01116795465350151 8919
1749306621027 0.012142453342676163 8929
1749306622747 0.008108250796794891 8939
1749306624452 0.03960311785340309 8949
1749306626168 0.009680092334747314 8959
1749306627878 0.00826093927025795 8969
1749306629594 0.00663428008556366 8979
1749306631307 0.006382036954164505 8989
1749306633076 0.00525253638625145 8999
1749306634783 0.008823215961456299 9009
1749306639694 0.011675454676151276 9019
1749306641378 0.01203089952468872 9029
1749306643080 0.042374566197395325 9039
1749306644780 0.007213663309812546 9049
1749306646480 0.009717771783471107 9059
1749306648179 0.006927706301212311 9069
1749306649874 0.016131151467561722 9079
1749306651562 0.01147257536649704 9089
1749306653253 0.006331037729978561 9099
1749306654956 0.011540353298187256 9109
1749306656664 0.029524672776460648 9119
1749306658372 0.010324476286768913 9129
1749306660114 0.007339011877775192 9139
1749306661826 0.025431789457798004 9149
1749306663517 0.03835244104266167 9159
1749306665231 0.04001978784799576 9169
1749306666937 0.01805991306900978 9179
1749306668651 0.019300837069749832 9189
1749306670214 0.11027561128139496 9199
